1,1,1.3175725936889648e-05
1,11,1.4046192169189453e-05
1,21,1.4231443405151368e-05
1,31,1.467275619506836e-05
1,41,1.455092430114746e-05
1,51,1.474928855895996e-05
1,61,1.4835834503173828e-05
1,71,1.5358924865722657e-05
1,81,1.5545368194580078e-05
1,91,1.5642404556274413e-05
1,101,1.565265655517578e-05
1,111,1.5969038009643554e-05
1,121,1.6400814056396486e-05
1,131,1.7236948013305663e-05
1,141,1.7409563064575196e-05
1,151,1.7615556716918947e-05
1,161,1.7214298248291015e-05
1,171,1.794266700744629e-05
1,181,1.815176010131836e-05
1,191,1.8334627151489257e-05
1,201,1.8561601638793944e-05
1,211,1.8492460250854493e-05
1,221,1.8848657608032227e-05
1,231,1.90582275390625e-05
1,241,1.9172191619873047e-05
1,251,1.9293785095214845e-05
1,261,1.9341707229614258e-05
1,271,1.9622802734375e-05
1,281,1.9823551177978516e-05
1,291,2.0080089569091795e-05
1,301,1.9888401031494142e-05
1,311,2.0359277725219727e-05
1,321,2.0467042922973633e-05
1,331,2.440762519836426e-05
1,341,2.0707368850708006e-05
1,351,2.0956993103027345e-05
1,361,2.1214485168457032e-05
1,371,2.1350622177124024e-05
1,381,2.1422386169433595e-05
1,391,2.1732091903686523e-05
1,401,2.1874666213989257e-05
1,411,2.198648452758789e-05
1,421,2.204155921936035e-05
1,431,2.246236801147461e-05
1,441,2.2556543350219725e-05
1,451,2.2646188735961914e-05
1,461,2.9377222061157226e-05
1,471,2.3142576217651366e-05
1,481,2.3259878158569335e-05
1,491,2.3328781127929687e-05
1,501,2.3677587509155275e-05
1,511,2.375316619873047e-05
1,521,2.460312843322754e-05
1,531,2.38649845123291e-05
1,541,2.4061918258666993e-05
1,551,2.4364233016967774e-05
1,561,2.4694442749023436e-05
1,571,2.4709701538085938e-05
1,581,2.4998664855957032e-05
1,591,2.5188684463500977e-05
1,601,2.5450944900512694e-05
1,611,2.5489330291748046e-05
1,621,2.5629520416259767e-05
1,631,2.5959014892578124e-05
1,641,2.599763870239258e-05
11,1,1.5203952789306641e-05
11,11,1.6484737396240233e-05
11,21,1.7903804779052733e-05
11,31,1.7506837844848633e-05
11,41,1.7790794372558595e-05
11,51,1.833772659301758e-05
11,61,1.8734216690063476e-05
11,71,1.906442642211914e-05
11,81,2.0661354064941405e-05
11,91,2.0784854888916015e-05
11,101,2.1136999130249024e-05
11,111,2.1579504013061522e-05
11,121,2.210855484008789e-05
11,131,2.2397756576538085e-05
11,141,2.2705793380737305e-05
11,151,2.3175716400146485e-05
11,161,2.3402929306030275e-05
11,171,2.3862838745117186e-05
11,181,2.4158477783203126e-05
11,191,2.4596691131591796e-05
11,201,2.4892091751098633e-05
11,211,2.5313138961791994e-05
11,221,2.554178237915039e-05
11,231,2.5928020477294922e-05
11,241,2.6512861251831055e-05
11,251,2.6508092880249025e-05
11,261,2.6912689208984374e-05
11,271,2.7310848236083984e-05
11,281,2.7755022048950195e-05
11,291,2.7986764907836915e-05
11,301,2.8323888778686525e-05
11,311,2.8748512268066406e-05
11,321,2.8809547424316406e-05
11,331,2.928495407104492e-05
11,341,3.0366182327270507e-05
11,351,3.0072927474975587e-05
11,361,3.0441999435424806e-05
11,371,3.090739250183105e-05
11,381,3.119468688964844e-05
11,391,3.153014183044434e-05
11,401,3.188776969909668e-05
11,411,3.2282114028930667e-05
11,421,3.25772762298584e-05
11,431,3.284406661987305e-05
11,441,3.314685821533203e-05
11,451,3.3353805541992184e-05
11,461,3.39205265045166e-05
11,471,3.440642356872559e-05
11,481,3.480958938598633e-05
11,491,3.496623039245605e-05
11,501,3.522491455078125e-05
11,511,3.549337387084961e-05
11,521,3.580307960510254e-05
11,531,3.61173152923584e-05
11,541,3.6397457122802736e-05
11,551,3.676319122314453e-05
11,561,3.737115859985352e-05
11,571,3.763651847839356e-05
11,581,3.798937797546387e-05
11,591,3.8494348526000975e-05
11,601,3.8955450057983396e-05
11,611,3.938913345336914e-05
11,621,3.9368629455566405e-05
11,631,3.974032402038574e-05
11,641,4.018568992614746e-05
21,1,1.6874074935913087e-05
21,11,1.845407485961914e-05
21,21,1.9262075424194335e-05
21,31,1.946401596069336e-05
21,41,2.0404815673828126e-05
21,51,2.1082878112792968e-05
21,61,2.135801315307617e-05
21,71,2.1665334701538085e-05
21,81,2.3233652114868164e-05
21,91,2.372455596923828e-05
21,101,2.4178504943847658e-05
21,111,2.4712324142456054e-05
21,121,2.5983333587646484e-05
21,131,2.617788314819336e-05
21,141,2.6291608810424806e-05
21,151,2.7224063873291017e-05
21,161,2.74198055267334e-05
21,171,2.7810335159301757e-05
21,181,2.8591156005859375e-05
21,191,2.918386459350586e-05
21,201,2.9946804046630858e-05
21,211,3.0273199081420897e-05
21,221,3.1430482864379885e-05
21,231,3.1445980072021486e-05
21,241,3.1794309616088865e-05
21,251,3.249931335449219e-05
21,261,3.281307220458984e-05
21,271,3.309917449951172e-05
21,281,3.3723831176757814e-05
21,291,3.4368038177490236e-05
21,301,3.47592830657959e-05
21,311,3.579974174499512e-05
21,321,3.596258163452148e-05
21,331,3.637266159057617e-05
21,341,3.6676883697509766e-05
21,351,3.791308403015137e-05
21,361,3.862428665161133e-05
21,371,3.8655996322631834e-05
21,381,3.903961181640625e-05
21,391,3.946757316589355e-05
21,401,4.016733169555664e-05
21,411,4.04353141784668e-05
21,421,4.085636138916016e-05
21,431,4.162120819091797e-05
21,441,4.284501075744629e-05
21,451,4.27086353302002e-05
21,461,4.318094253540039e-05
21,471,4.361867904663086e-05
21,481,4.436826705932617e-05
21,491,4.554152488708496e-05
21,501,4.507255554199219e-05
21,511,4.559850692749023e-05
21,521,4.5814275741577146e-05
21,531,4.896807670593262e-05
21,541,4.756665229797363e-05
21,551,4.734301567077637e-05
21,561,4.820084571838379e-05
21,571,4.9560546875e-05
21,581,5.0467729568481444e-05
21,591,4.96368408203125e-05
21,601,4.996633529663086e-05
21,611,5.048990249633789e-05
21,621,5.554819107055664e-05
21,631,5.1718711853027345e-05
21,641,5.2053928375244144e-05
31,1,1.8516778945922853e-05
31,11,1.992654800415039e-05
31,21,2.0719528198242187e-05
31,31,2.1538972854614256e-05
31,41,2.2288084030151368e-05
31,51,2.2516727447509764e-05
31,61,2.3400545120239258e-05
31,71,2.39565372467041e-05
31,81,2.676200866699219e-05
31,91,2.7734994888305663e-05
31,101,2.8285503387451173e-05
31,111,2.9077291488647462e-05
31,121,3.012228012084961e-05
31,131,3.084397315979004e-05
31,141,3.157663345336914e-05
31,151,3.252434730529785e-05
31,161,3.318595886230469e-05
31,171,3.430271148681641e-05
31,181,3.4844398498535155e-05
31,191,3.5776853561401367e-05
31,201,3.649282455444336e-05
31,211,3.7676095962524415e-05
31,221,3.836178779602051e-05
31,231,4.327082633972168e-05
31,241,3.988456726074219e-05
31,251,4.074907302856445e-05
31,261,4.124259948730469e-05
31,271,4.226303100585938e-05
31,281,4.2717933654785156e-05
31,291,4.682779312133789e-05
31,301,4.4359207153320315e-05
31,311,4.517078399658203e-05
31,321,4.6201705932617186e-05
31,331,4.671168327331543e-05
31,341,4.741406440734863e-05
31,351,4.804182052612305e-05
31,361,4.916977882385254e-05
31,371,4.996633529663086e-05
31,381,5.3199529647827146e-05
31,391,5.171442031860352e-05
31,401,5.228734016418457e-05
31,411,5.3495168685913086e-05
31,421,5.400705337524414e-05
31,431,5.492234230041504e-05
31,441,5.549764633178711e-05
31,451,5.654048919677734e-05
31,461,5.985569953918457e-05
31,471,5.783295631408691e-05
31,481,5.875992774963379e-05
31,491,5.94329833984375e-05
31,501,5.99830150604248e-05
31,511,6.0950994491577146e-05
31,521,6.153011322021485e-05
31,531,6.269288063049316e-05
31,541,6.331825256347657e-05
31,551,7.312369346618652e-05
31,561,7.064247131347656e-05
31,571,6.581830978393555e-05
31,581,6.692624092102051e-05
31,591,6.749701499938965e-05
31,601,7.076621055603027e-05
31,611,6.905221939086913e-05
31,621,6.936383247375488e-05
31,631,7.023072242736817e-05
31,641,7.084822654724121e-05
41,1,1.9786596298217773e-05
41,11,2.1242141723632813e-05
41,21,2.2475481033325197e-05
41,31,2.3128271102905275e-05
41,41,2.3830890655517577e-05
41,51,2.6114225387573244e-05
41,61,2.5694847106933595e-05
41,71,2.7075529098510743e-05
41,81,2.9308319091796874e-05
41,91,3.0266761779785155e-05
41,101,3.109407424926758e-05
41,111,3.230071067810059e-05
41,121,3.29594612121582e-05
41,131,3.373026847839355e-05
41,141,3.450632095336914e-05
41,151,3.561544418334961e-05
41,161,3.644680976867676e-05
41,171,3.760385513305664e-05
41,181,3.939390182495117e-05
41,191,3.9164304733276366e-05
41,201,3.989624977111816e-05
41,211,4.127979278564453e-05
41,221,4.185628890991211e-05
41,231,4.296255111694336e-05
41,241,4.427719116210937e-05
41,251,4.4676780700683595e-05
41,261,4.5511484146118166e-05
41,271,4.65548038482666e-05
41,281,4.7855377197265625e-05
41,291,4.8636913299560545e-05
41,301,4.8804759979248046e-05
41,311,4.995107650756836e-05
41,321,5.058813095092773e-05
41,331,5.148649215698242e-05
41,341,5.2655458450317385e-05
41,351,5.352950096130371e-05
41,361,5.448436737060547e-05
41,371,5.550217628479004e-05
41,381,5.5696725845336916e-05
41,391,5.6733369827270506e-05
41,401,5.7537078857421876e-05
41,411,5.8461427688598636e-05
41,421,5.975675582885742e-05
41,431,5.9884786605834964e-05
41,441,6.497931480407715e-05
41,451,6.178689002990723e-05
41,461,6.27603530883789e-05
41,471,6.38895034790039e-05
41,481,6.458854675292969e-05
41,491,6.552553176879883e-05
41,501,6.604361534118652e-05
41,511,7.034420967102051e-05
41,521,6.750559806823731e-05
41,531,6.861042976379395e-05
41,541,6.939268112182617e-05
41,551,7.044816017150879e-05
41,561,7.130861282348632e-05
41,571,7.572627067565919e-05
41,581,7.285189628601074e-05
41,591,7.40354061126709e-05
41,601,7.501554489135742e-05
41,611,7.583308219909668e-05
41,621,7.652735710144043e-05
41,631,8.015894889831543e-05
41,641,7.802700996398926e-05
51,1,2.0803213119506835e-05
51,11,2.272176742553711e-05
51,21,2.3985862731933594e-05
51,31,2.5197505950927736e-05
51,41,2.6026487350463866e-05
51,51,2.7104854583740236e-05
51,61,2.8119802474975585e-05
51,71,2.8826475143432616e-05
51,81,3.291702270507812e-05
51,91,3.487396240234375e-05
51,101,3.571462631225586e-05
51,111,3.840231895446777e-05
51,121,3.8475990295410155e-05
51,131,4.005575180053711e-05
51,141,4.0844440460205076e-05
51,151,4.28006649017334e-05
51,161,4.4342279434204105e-05
51,171,4.5371532440185545e-05
51,181,4.668164253234863e-05
51,191,4.794454574584961e-05
51,201,4.928660392761231e-05
51,211,5.164241790771485e-05
51,221,5.2340030670166016e-05
51,231,5.370187759399414e-05
51,241,5.5199384689331054e-05
51,251,5.65638542175293e-05
51,261,5.80284595489502e-05
51,271,5.941963195800781e-05
51,281,6.094694137573242e-05
51,291,6.200146675109863e-05
51,301,6.34450912475586e-05
51,311,6.465196609497071e-05
51,321,6.630611419677734e-05
51,331,6.743574142456055e-05
51,341,6.840872764587403e-05
51,351,7.048249244689941e-05
51,361,7.175207138061523e-05
51,371,7.311820983886719e-05
51,381,7.445621490478515e-05
51,391,7.327413558959961e-05
51,401,7.388925552368164e-05
51,411,7.517409324645996e-05
51,421,7.597255706787109e-05
51,431,7.716822624206542e-05
51,441,7.796549797058106e-05
51,451,7.918596267700195e-05
51,461,8.03987979888916e-05
51,471,8.397912979125976e-05
51,481,8.263087272644043e-05
51,491,8.415055274963378e-05
51,501,8.520007133483887e-05
51,511,8.66708755493164e-05
51,521,9.08198356628418e-05
51,531,8.883929252624512e-05
51,541,9.027504920959473e-05
51,551,9.167933464050293e-05
51,561,9.292292594909668e-05
51,571,9.66043472290039e-05
51,581,9.491801261901856e-05
51,591,9.697747230529785e-05
51,601,9.797978401184082e-05
51,611,9.897279739379883e-05
51,621,0.00010256147384643554
51,631,0.00010115957260131836
51,641,0.00010273170471191406
61,1,2.2412300109863282e-05
61,11,2.4400472640991212e-05
61,21,2.5978565216064454e-05
61,31,2.7043819427490236e-05
61,41,2.8141260147094727e-05
61,51,2.9385089874267578e-05
61,61,3.421592712402344e-05
61,71,3.119325637817383e-05
61,81,3.624272346496582e-05
61,91,3.7615537643432614e-05
61,101,3.932332992553711e-05
61,111,4.096555709838867e-05
61,121,4.014182090759277e-05
61,131,4.114842414855957e-05
61,141,4.258871078491211e-05
61,151,4.402327537536621e-05
61,161,4.523730278015137e-05
61,171,4.8600196838378905e-05
61,181,4.755544662475586e-05
61,191,4.875326156616211e-05
61,201,5.0043582916259765e-05
61,211,5.1575183868408204e-05
61,221,5.2767276763916016e-05
61,231,5.406832695007324e-05
61,241,5.5339336395263675e-05
61,251,5.945420265197754e-05
61,261,5.7750225067138674e-05
61,271,5.903315544128418e-05
61,281,6.0625791549682614e-05
61,291,6.194305419921875e-05
61,301,6.334257125854492e-05
61,311,6.488513946533204e-05
61,321,6.627345085144043e-05
61,331,6.786656379699708e-05
61,341,6.949019432067872e-05
61,351,7.050967216491699e-05
61,361,7.181000709533691e-05
61,371,7.352137565612793e-05
61,381,7.496547698974609e-05
61,391,8.25352668762207e-05
61,401,8.185243606567383e-05
61,411,8.289361000061035e-05
61,421,8.44109058380127e-05
61,431,8.513212203979492e-05
61,441,8.705544471740723e-05
61,451,8.783793449401855e-05
61,461,8.892989158630372e-05
61,471,9.055018424987793e-05
61,481,9.168815612792968e-05
61,491,9.355735778808594e-05
61,501,9.49561595916748e-05
61,511,9.572052955627441e-05
61,521,9.711503982543945e-05
61,531,9.871697425842285e-05
61,541,0.00010018563270568848
61,551,0.00010173583030700684
61,561,0.00010289740562438965
61,571,0.00010448956489562989
61,581,0.00010883641242980957
61,591,0.00010742831230163574
61,601,0.00010827994346618652
61,611,0.00010989642143249512
61,621,0.00011490178108215332
61,631,0.0001130075454711914
61,641,0.0001146845817565918
71,1,2.3650646209716795e-05
71,11,2.577090263366699e-05
71,21,2.772188186645508e-05
71,31,2.8850793838500977e-05
71,41,3.0205249786376953e-05
71,51,3.1337738037109374e-05
71,61,3.562259674072266e-05
71,71,3.475499153137207e-05
71,81,3.793883323669434e-05
71,91,4.001688957214355e-05
71,101,4.1028976440429686e-05
71,111,4.307270050048828e-05
71,121,4.3786287307739256e-05
71,131,4.5232534408569335e-05
71,141,4.667472839355469e-05
71,151,4.825949668884277e-05
71,161,5.011749267578125e-05
71,171,5.179762840270996e-05
71,181,5.289387702941895e-05
71,191,5.4460525512695314e-05
71,201,5.5672407150268556e-05
71,211,5.728316307067871e-05
71,221,5.858159065246582e-05
71,231,6.04403018951416e-05
71,241,6.550812721252442e-05
71,251,6.285738945007324e-05
71,261,6.379365921020508e-05
71,271,6.578993797302246e-05
71,281,6.713318824768066e-05
71,291,6.876516342163087e-05
71,301,7.002806663513183e-05
71,311,7.218956947326661e-05
71,321,7.267212867736817e-05
71,331,9.927725791931152e-05
71,341,7.65225887298584e-05
71,351,7.74545669555664e-05
71,361,7.957100868225098e-05
71,371,8.045649528503418e-05
71,381,8.289885520935058e-05
71,391,8.881688117980956e-05
71,401,9.108233451843261e-05
71,411,9.149026870727539e-05
71,421,9.22553539276123e-05
71,431,9.384751319885254e-05
71,441,9.497499465942382e-05
71,451,9.691905975341796e-05
71,461,9.782981872558593e-05
71,471,9.978961944580078e-05
71,481,0.00010081672668457031
71,491,0.00010237383842468262
71,501,0.00010384011268615722
71,511,0.00010625886917114258
71,521,0.0001070709228515625
71,531,0.00010864496231079102
71,541,0.00011026096343994141
71,551,0.00011291217803955079
71,561,0.0001127626895904541
71,571,0.00011544275283813477
71,581,0.00011632347106933594
71,591,0.00011825799942016601
71,601,0.00011994051933288574
71,611,0.00013034272193908691
71,621,0.0001275763511657715
71,631,0.00012476348876953126
71,641,0.0001257498264312744
81,1,2.5102376937866212e-05
81,11,2.7307748794555666e-05
81,21,2.936434745788574e-05
81,31,3.055810928344726e-05
81,41,3.1751155853271486e-05
81,51,3.358006477355957e-05
81,61,3.54764461517334e-05
81,71,3.650188446044922e-05
81,81,4.120135307312012e-05
81,91,4.339694976806641e-05
81,101,4.484081268310547e-05
81,111,4.7012805938720705e-05
81,121,4.793548583984375e-05
81,131,4.8896551132202146e-05
81,141,5.073404312133789e-05
81,151,5.3021669387817385e-05
81,161,5.4076194763183597e-05
81,171,5.6036949157714844e-05
81,181,5.7476043701171876e-05
81,191,5.9012651443481444e-05
81,201,6.0769319534301756e-05
81,211,6.234502792358399e-05
81,221,6.395626068115235e-05
81,231,6.634330749511719e-05
81,241,6.750822067260742e-05
81,251,6.92453384399414e-05
81,261,7.045340538024902e-05
81,271,7.229900360107423e-05
81,281,7.389664649963379e-05
81,291,7.578635215759277e-05
81,301,7.716774940490723e-05
81,311,7.86445140838623e-05
81,321,8.008646965026855e-05
81,331,8.178305625915528e-05
81,341,8.343601226806641e-05
81,351,8.527255058288574e-05
81,361,8.66231918334961e-05
81,371,8.858537673950195e-05
81,381,8.951091766357421e-05
81,391,9.881401062011719e-05
81,401,0.00010107231140136719
81,411,0.00010193920135498047
81,421,0.00010363435745239257
81,431,0.00010561084747314453
81,441,0.00011034083366394043
81,451,0.00010890269279479981
81,461,0.0001106553077697754
81,471,0.00011600804328918457
81,481,0.00011697673797607422
81,491,0.00011558890342712402
81,501,0.00011723470687866211
81,511,0.00012024998664855957
81,521,0.00012112283706665039
81,531,0.00014226603507995605
81,541,0.0001244068145751953
81,551,0.0001260976791381836
81,561,0.00013761043548583983
81,571,0.00013498830795288086
81,581,0.00013243460655212402
81,591,0.00013456845283508302
81,601,0.00013563966751098633
81,611,0.000137892484664917
81,621,0.00013950824737548828
81,631,0.000140392541885376
81,641,0.00014233803749084473
91,1,2.655625343322754e-05
91,11,2.867555618286133e-05
91,21,3.0899524688720704e-05
91,31,3.2819509506225586e-05
91,41,3.421163558959961e-05
91,51,3.596973419189453e-05
91,61,3.744411468505859e-05
91,71,3.900885581970215e-05
91,81,4.4590711593627927e-05
91,91,4.686450958251953e-05
91,101,4.904055595397949e-05
91,111,5.118751525878906e-05
91,121,5.1339149475097655e-05
91,131,5.325484275817871e-05
91,141,5.5298089981079104e-05
91,151,5.721545219421387e-05
91,161,5.8699607849121096e-05
91,171,6.0605287551879883e-05
91,181,6.229829788208008e-05
91,191,6.49421215057373e-05
91,201,6.655931472778321e-05
91,211,6.92911148071289e-05
91,221,7.082724571228028e-05
91,231,7.19902515411377e-05
91,241,7.430315017700195e-05
91,251,7.617831230163574e-05
91,261,7.734084129333497e-05
91,271,8.153986930847168e-05
91,281,8.023905754089356e-05
91,291,8.228611946105957e-05
91,301,8.387255668640136e-05
91,311,8.58933925628662e-05
91,321,8.845281600952148e-05
91,331,9.057831764221192e-05
91,341,9.093642234802247e-05
91,351,9.250903129577637e-05
91,361,9.434652328491211e-05
91,371,9.67721939086914e-05
91,381,9.90910530090332e-05
91,391,0.00010698986053466797
91,401,0.00010831356048583985
91,411,0.00011051750183105468
91,421,0.00011477565765380859
91,431,0.00011396551132202148
91,441,0.00011513733863830566
91,451,0.00011729884147644044
91,461,0.00011978936195373535
91,471,0.00012127065658569336
91,481,0.00013769888877868653
91,491,0.0001253371238708496
91,501,0.00012638401985168456
91,511,0.0001287527084350586
91,521,0.00013071393966674805
91,531,0.00013293957710266115
91,541,0.00013479018211364746
91,551,0.00013745951652526856
91,561,0.00013863539695739747
91,571,0.00014025330543518066
91,581,0.00014218974113464354
91,591,0.000147430419921875
91,601,0.00015163326263427734
91,611,0.00016362857818603515
91,621,0.00015128159523010253
91,631,0.00015229105949401855
91,641,0.00015413975715637207
101,1,2.785515785217285e-05
101,11,3.044891357421875e-05
101,21,3.2768726348876955e-05
101,31,3.463888168334961e-05
101,41,3.624081611633301e-05
101,51,3.81617546081543e-05
101,61,3.9925336837768555e-05
101,71,4.1759729385375975e-05
101,81,4.831457138061523e-05
101,91,5.0193548202514645e-05
101,101,5.206036567687988e-05
101,111,5.471611022949219e-05
101,121,5.4823875427246096e-05
101,131,6.0088396072387694e-05
101,141,5.919265747070312e-05
101,151,6.1003923416137695e-05
101,161,6.231260299682617e-05
101,171,6.538057327270508e-05
101,181,6.72905445098877e-05
101,191,6.882309913635254e-05
101,201,7.121443748474121e-05
101,211,7.303547859191895e-05
101,221,7.517194747924804e-05
101,231,7.682919502258301e-05
101,241,7.860374450683593e-05
101,251,8.12828540802002e-05
101,261,8.303952217102051e-05
101,271,8.48846435546875e-05
101,281,8.671212196350098e-05
101,291,8.870196342468262e-05
101,301,9.078216552734374e-05
101,311,9.295225143432617e-05
101,321,0.00011425590515136719
101,331,9.676337242126465e-05
101,341,9.851145744323731e-05
101,351,0.00010069561004638672
101,361,0.00010250163078308106
101,371,0.00010494661331176758
101,381,0.00010709071159362793
101,391,0.00011577653884887695
101,401,0.00011655569076538086
101,411,0.00011840629577636719
101,421,0.00012019777297973633
101,431,0.0001244969367980957
101,441,0.00012415337562561034
101,451,0.00012671804428100587
101,461,0.00012838196754455565
101,471,0.0001322305202484131
101,481,0.000132568359375
101,491,0.00013497757911682128
101,501,0.0001386723518371582
101,511,0.00013920259475708007
101,521,0.00014126825332641603
101,531,0.00014330291748046876
101,541,0.00014685750007629395
101,551,0.0001474313735961914
101,561,0.000149017333984375
101,571,0.00015192627906799317
101,581,0.00015340399742126465
101,591,0.00015621829032897949
101,601,0.0001587378978729248
101,611,0.00016051125526428221
101,621,0.00016214847564697266
101,631,0.0001645228862762451
101,641,0.00016600799560546875
111,1,2.924513816833496e-05
111,11,3.215646743774414e-05
111,21,3.4940719604492186e-05
111,31,3.8639307022094726e-05
111,41,3.808951377868652e-05
111,51,3.983664512634277e-05
111,61,4.2165756225585936e-05
111,71,4.373455047607422e-05
111,81,4.948067665100098e-05
111,91,5.184483528137207e-05
111,101,5.41079044342041e-05
111,111,5.664157867431641e-05
111,121,6.180214881896972e-05
111,131,6.130790710449219e-05
111,141,6.272220611572266e-05
111,151,6.515383720397949e-05
111,161,6.741499900817871e-05
111,171,6.991124153137207e-05
111,181,7.13961124420166e-05
111,191,7.377147674560547e-05
111,201,7.575583457946777e-05
111,211,7.88428783416748e-05
111,221,8.030390739440918e-05
111,231,8.269953727722168e-05
111,241,8.457422256469727e-05
111,251,8.963871002197265e-05
111,261,8.920907974243164e-05
111,271,9.126520156860351e-05
111,281,9.36734676361084e-05
111,291,9.577250480651856e-05
111,301,9.91814136505127e-05
111,311,0.00010013890266418456
111,321,0.00010225868225097656
111,331,0.0001049041748046875
111,341,0.00010738325119018555
111,351,0.00010951757431030274
111,361,0.00011156940460205079
111,371,0.00011321830749511719
111,381,0.00011538195610046387
111,391,0.0001222350597381592
111,401,0.00012407159805297852
111,411,0.00012659907341003418
111,421,0.00012953662872314454
111,431,0.00013078093528747558
111,441,0.00013306427001953124
111,451,0.00013836169242858887
111,461,0.0001370673179626465
111,471,0.00013943839073181152
111,481,0.00014195108413696288
111,491,0.0001439208984375
111,501,0.00016444015502929687
111,511,0.0001481175422668457
111,521,0.00015183401107788085
111,531,0.00015273714065551757
111,541,0.00015448737144470214
111,551,0.00015788769721984864
111,561,0.00015993618965148926
111,571,0.00016211175918579102
111,581,0.00016405558586120607
111,591,0.00016637945175170899
111,601,0.0001688072681427002
111,611,0.00017256855964660643
111,621,0.0001738595962524414
111,631,0.00017645645141601562
111,641,0.00017788958549499513
121,1,3.081917762756347e-05
121,11,3.346920013427734e-05
121,21,3.6137819290161135e-05
121,31,3.8387775421142576e-05
121,41,4.044389724731445e-05
121,51,4.236340522766113e-05
121,61,4.4780492782592775e-05
121,71,4.686975479125977e-05
121,81,5.3170204162597656e-05
121,91,5.584168434143067e-05
121,101,5.7961225509643555e-05
121,111,6.104278564453125e-05
121,121,6.229233741760254e-05
121,131,6.463885307312012e-05
121,141,6.687259674072265e-05
121,151,6.962895393371582e-05
121,161,7.188820838928223e-05
121,171,7.441401481628418e-05
121,181,7.600569725036621e-05
121,191,7.909083366394043e-05
121,201,8.108139038085937e-05
121,211,8.345150947570801e-05
121,221,8.598160743713378e-05
121,231,8.864045143127442e-05
121,241,9.394454956054687e-05
121,251,9.321045875549316e-05
121,261,9.526252746582031e-05
121,271,9.82973575592041e-05
121,281,0.00010018301010131835
121,291,0.00010646247863769531
121,301,0.00010474061965942383
121,311,0.0001072084903717041
121,321,0.00010951685905456542
121,331,0.00011261725425720215
121,341,0.0001140141487121582
121,351,0.00011657381057739258
121,361,0.00011865377426147461
121,371,0.00012188315391540527
121,381,0.00012331724166870118
121,391,0.00014084577560424805
121,401,0.00014279770851135254
121,411,0.00014571046829223633
121,421,0.0001481647491455078
121,431,0.00015183210372924806
121,441,0.00015511369705200197
121,451,0.00015689539909362793
121,461,0.0001598033905029297
121,471,0.00016180777549743654
121,481,0.00016465449333190918
121,491,0.00017038440704345703
121,501,0.00016961026191711427
121,511,0.00017312169075012207
121,521,0.00017735576629638672
121,531,0.00017870140075683594
121,541,0.00018099164962768555
121,551,0.0001838865280151367
121,561,0.00018607354164123534
121,571,0.0001919231414794922
121,581,0.00019162893295288086
121,591,0.00019502592086791993
121,601,0.00019686293601989745
121,611,0.00019985103607177734
121,621,0.0002026984691619873
121,631,0.00020518898963928223
121,641,0.00020898914337158202
131,1,3.204941749572754e-05
131,11,3.4886360168457034e-05
131,21,3.7828922271728515e-05
131,31,4.020071029663086e-05
131,41,4.222726821899414e-05
131,51,4.4641494750976565e-05
131,61,4.7149658203125e-05
131,71,4.891800880432129e-05
131,81,5.669999122619629e-05
131,91,5.9769392013549805e-05
131,101,6.241798400878907e-05
131,111,6.39500617980957e-05
131,121,6.635665893554687e-05
131,131,6.956720352172852e-05
131,141,7.09996223449707e-05
131,151,7.375764846801758e-05
131,161,7.620525360107422e-05
131,171,7.905364036560058e-05
131,181,8.164429664611816e-05
131,191,8.415913581848144e-05
131,201,8.9125394821167e-05
131,211,8.974790573120117e-05
131,221,9.241747856140137e-05
131,231,9.509563446044922e-05
131,241,9.774446487426758e-05
131,251,0.00010096168518066406
131,261,0.00010213518142700196
131,271,0.00010494160652160644
131,281,0.00010705780982971192
131,291,0.00011064267158508301
131,301,0.00011262202262878418
131,311,0.00011523079872131347
131,321,0.00011774039268493652
131,331,0.00012048125267028808
131,341,0.00012291359901428223
131,351,0.000125333309173584
131,361,0.00012784695625305177
131,371,0.0001340498924255371
131,381,0.00014160299301147462
131,391,0.0001423780918121338
131,401,0.00014396071434020997
131,411,0.00014667367935180663
131,421,0.00014897918701171876
131,431,0.0001551547050476074
131,441,0.00015506935119628907
131,451,0.00015807986259460448
131,461,0.00016277050971984862
131,471,0.00016225504875183106
131,481,0.00016530489921569826
131,491,0.0001685047149658203
131,501,0.0001699657440185547
131,511,0.00017322373390197754
131,521,0.00017667388916015625
131,531,0.0001781322956085205
131,541,0.0001808319091796875
131,551,0.00018336081504821778
131,561,0.00018620705604553223
131,571,0.00019080877304077147
131,581,0.0001916375160217285
131,591,0.0001952090263366699
131,601,0.00019695115089416503
131,611,0.00019989776611328125
131,621,0.00020232915878295898
131,631,0.00020612215995788574
131,641,0.0002089841365814209
141,1,3.372502326965332e-05
141,11,3.6813497543334963e-05
141,21,3.977036476135254e-05
141,31,4.229092597961426e-05
141,41,4.449295997619629e-05
141,51,4.684758186340332e-05
141,61,4.982781410217285e-05
141,71,5.17280101776123e-05
141,81,6.0328960418701174e-05
141,91,6.324553489685059e-05
141,101,6.441640853881836e-05
141,111,6.74450397491455e-05
141,121,6.941580772399903e-05
141,131,7.307958602905273e-05
141,141,7.585477828979493e-05
141,151,7.867002487182617e-05
141,161,8.142995834350585e-05
141,171,8.477950096130371e-05
141,181,8.697700500488281e-05
141,191,9.02416706085205e-05
141,201,9.227633476257325e-05
141,211,9.504008293151856e-05
141,221,9.790778160095214e-05
141,231,0.00010084104537963868
141,241,0.000103607177734375
141,251,0.00010661554336547851
141,261,0.00010889506340026855
141,271,0.00011198830604553223
141,281,0.00011447024345397949
141,291,0.0001178441047668457
141,301,0.00012065672874450684
141,311,0.00012326192855834962
141,321,0.00012583017349243164
141,331,0.00012846612930297852
141,341,0.00013112878799438477
141,351,0.00013669228553771971
141,361,0.00013656997680664063
141,371,0.0001403045654296875
141,381,0.00015076446533203124
141,391,0.0001506350040435791
141,401,0.0001530437469482422
141,411,0.00015811467170715333
141,421,0.0001583542823791504
141,431,0.00016116809844970704
141,441,0.00016423630714416503
141,451,0.00016651606559753418
141,461,0.00016855525970458984
141,471,0.00017264533042907714
141,481,0.00017537021636962892
141,491,0.00017810606956481932
141,501,0.00018082261085510253
141,511,0.0001834869384765625
141,521,0.00018588733673095703
141,531,0.00018911528587341308
141,541,0.00019400525093078613
141,551,0.00019496798515319824
141,561,0.00019811201095581055
141,571,0.00020354461669921874
141,581,0.00020337438583374024
141,591,0.00020991182327270507
141,601,0.00020926332473754884
141,611,0.00021547031402587892
141,621,0.00021474909782409667
141,631,0.00022029542922973633
141,641,0.00022069907188415527
151,1,3.490900993347168e-05
151,11,3.7981271743774416e-05
151,21,4.152655601501465e-05
151,31,4.40058708190918e-05
151,41,6.0714960098266604e-05
151,51,5.6902408599853515e-05
151,61,5.171036720275879e-05
151,71,5.453681945800781e-05
151,81,6.197237968444824e-05
151,91,6.470608711242676e-05
151,101,6.743502616882325e-05
151,111,7.305669784545899e-05
151,121,7.369756698608399e-05
151,131,7.650208473205566e-05
151,141,7.927131652832031e-05
151,151,8.264780044555664e-05
151,161,8.620429039001465e-05
151,171,8.92176628112793e-05
151,181,9.093642234802247e-05
151,191,9.426450729370118e-05
151,201,9.707999229431152e-05
151,211,0.00010034608840942383
151,221,0.00010298752784729004
151,231,0.00010630083084106445
151,241,0.00010872817039489746
151,251,0.00011200094223022461
151,261,0.00011548066139221191
151,271,0.00011820054054260254
151,281,0.00012078499794006347
151,291,0.00012380504608154296
151,301,0.00012674927711486816
151,311,0.00013034915924072267
151,321,0.0001326460838317871
151,331,0.00013831758499145507
151,341,0.00013825631141662598
151,351,0.00014201712608337403
151,361,0.00014653682708740234
151,371,0.00014730763435363768
151,381,0.00015810632705688476
151,391,0.000157958984375
151,401,0.0001602494716644287
151,411,0.00016349148750305175
151,421,0.00016892814636230467
151,431,0.00016911649703979493
151,441,0.0001725594997406006
151,451,0.00017746496200561523
151,461,0.0001775820255279541
151,471,0.0001838078498840332
151,481,0.00018364167213439942
151,491,0.00018698883056640625
151,501,0.0001902453899383545
151,511,0.0001927933692932129
151,521,0.00019592714309692383
151,531,0.00019919395446777344
151,541,0.00020173263549804689
151,551,0.00020499849319458008
151,561,0.00020736312866210938
151,571,0.00021318364143371583
151,581,0.0002136986255645752
151,591,0.0002177276611328125
151,601,0.0002192263603210449
151,611,0.00022538137435913086
151,621,0.0002261660099029541
151,631,0.00023192000389099122
151,641,0.00023166966438293457
161,1,3.622722625732422e-05
161,11,3.965878486633301e-05
161,21,4.32124137878418e-05
161,31,4.5906782150268554e-05
161,41,4.8309087753295896e-05
161,51,5.551910400390625e-05
161,61,5.3891420364379884e-05
161,71,5.9092998504638675e-05
161,81,6.515002250671387e-05
161,91,6.81467056274414e-05
161,101,7.35030174255371e-05
161,111,7.644939422607422e-05
161,121,7.92090892791748e-05
161,131,8.191061019897461e-05
161,141,8.40604305267334e-05
161,151,8.872365951538086e-05
161,161,9.282684326171875e-05
161,171,9.355735778808594e-05
161,181,9.713363647460938e-05
161,191,9.974050521850586e-05
161,201,0.00010265493392944335
161,211,0.00010570883750915527
161,221,0.00010828566551208496
161,231,0.00011184811592102051
161,241,0.00011486935615539551
161,251,0.000118729829788208
161,261,0.00012121891975402831
161,271,0.00012488913536071777
161,281,0.00012759637832641601
161,291,0.0001306748390197754
161,301,0.00013347482681274413
161,311,0.00013736939430236816
161,321,0.00015676593780517578
161,331,0.00014351367950439454
161,341,0.0001463301181793213
161,351,0.00014987468719482422
161,361,0.00015205740928649902
161,371,0.00015523576736450195
161,381,0.0001657712459564209
161,391,0.00016608262062072754
161,401,0.00016905903816223145
161,411,0.00017180800437927246
161,421,0.00017478203773498536
161,431,0.00017839670181274414
161,441,0.00018025493621826171
161,451,0.00018434524536132814
161,461,0.00018702888488769532
161,471,0.0001908872127532959
161,481,0.00019306516647338867
161,491,0.00019615626335144044
161,501,0.00020089221000671386
161,511,0.00020294308662414552
161,521,0.00020651364326477052
161,531,0.00021188664436340332
161,541,0.00021168947219848632
161,551,0.00021742987632751464
161,561,0.0002198777198791504
161,571,0.00022246551513671874
161,581,0.00022422456741333008
161,591,0.00022818756103515624
161,601,0.00023073410987854004
161,611,0.00023558402061462402
161,621,0.00023735642433166503
161,631,0.0002404959201812744
161,641,0.0002444970607757568
171,1,3.818726539611817e-05
171,11,4.1565656661987304e-05
171,21,4.5449495315551756e-05
171,31,4.856157302856445e-05
171,41,5.054402351379395e-05
171,51,5.364632606506347e-05
171,61,5.7317256927490236e-05
171,71,5.9272289276123046e-05
171,81,6.801962852478028e-05
171,91,7.180213928222657e-05
171,101,7.816100120544434e-05
171,111,7.834792137145996e-05
171,121,8.090329170227051e-05
171,131,8.479046821594238e-05
171,141,8.73880386352539e-05
171,151,9.117007255554199e-05
171,161,9.461236000061036e-05
171,171,0.00010524606704711915
171,181,0.00010054969787597656
171,191,0.00010474705696105957
171,201,0.0001099410057067871
171,211,0.00011114239692687989
171,221,0.00011436676979064942
171,231,0.00011780476570129394
171,241,0.00012139654159545898
171,251,0.00012433910369873046
171,261,0.00012747454643249512
171,271,0.00013117051124572753
171,281,0.00013410067558288573
171,291,0.00013773703575134278
171,301,0.00014047503471374513
171,311,0.0001447901725769043
171,321,0.00014780902862548829
171,331,0.0001513645648956299
171,341,0.0001558547019958496
171,351,0.0001579873561859131
171,361,0.00016085457801818848
171,371,0.00016471552848815917
171,381,0.00016776585578918456
171,391,0.00017312407493591308
171,401,0.00017416906356811524
171,411,0.00017727994918823243
171,421,0.00018283677101135255
171,431,0.00018420839309692382
171,441,0.00018720126152038574
171,451,0.00019024157524108888
171,461,0.000193310022354126
171,471,0.00019721388816833495
171,481,0.00019972920417785645
171,491,0.0002043919563293457
171,501,0.0002057981491088867
171,511,0.00020943522453308104
171,521,0.00021216273307800293
171,531,0.00021660494804382323
171,541,0.000219632625579834
171,551,0.00022276020050048827
171,561,0.00022803330421447755
171,571,0.0002288801670074463
171,581,0.0002326042652130127
171,591,0.00023548364639282228
171,601,0.00023862886428833007
171,611,0.0002575867176055908
171,621,0.0002447350025177002
171,631,0.0002484385967254639
171,641,0.0002514965534210205
181,1,3.871846199035644e-05
181,11,4.271268844604492e-05
181,21,4.6449661254882815e-05
181,31,4.9774646759033206e-05
181,41,5.538463592529297e-05
181,51,5.5646657943725586e-05
181,61,5.9236288070678714e-05
181,71,6.196355819702149e-05
181,81,7.081890106201172e-05
181,91,7.492566108703614e-05
181,101,7.840204238891601e-05
181,111,8.185458183288574e-05
181,121,8.50825309753418e-05
181,131,8.853745460510254e-05
181,141,9.155750274658203e-05
181,151,9.543514251708984e-05
181,161,0.00010021734237670898
181,171,0.00010265827178955078
181,181,0.00010577750205993653
181,191,0.00010954666137695312
181,201,0.00011262941360473632
181,211,0.00011643528938293457
181,221,0.00011965203285217286
181,231,0.00012340879440307618
181,241,0.0001295902729034424
181,251,0.0001313145160675049
181,261,0.00013435935974121093
181,271,0.00014100408554077148
181,281,0.00014110803604125977
181,291,0.0001448342800140381
181,301,0.00015053439140319823
181,311,0.0001518087387084961
181,321,0.00015467166900634766
181,331,0.00016130614280700684
181,341,0.00016216111183166504
181,351,0.00016556763648986817
181,361,0.0001719217300415039
181,371,0.00017247271537780762
181,381,0.00017557859420776366
181,391,0.0001827409267425537
181,401,0.00018226885795593261
181,411,0.00018913865089416503
181,421,0.00018944096565246582
181,431,0.0001931755542755127
181,441,0.00019684481620788573
181,451,0.00020039629936218262
181,461,0.00020511460304260254
181,471,0.00020800971984863282
181,481,0.0002130117416381836
181,491,0.0002149233818054199
181,501,0.0002181260585784912
181,511,0.00022202515602111816
181,521,0.0002250237464904785
181,531,0.0002291233539581299
181,541,0.00023210358619689942
181,551,0.00023570108413696288
181,561,0.00025785470008850097
181,571,0.00024184346199035645
181,581,0.0002473769187927246
181,591,0.0002488851547241211
181,601,0.0002518923282623291
181,611,0.00025515127182006836
181,621,0.00025907301902771
181,631,0.0002625930309295654
181,641,0.00026560211181640627
191,1,4.065370559692383e-05
191,11,4.496455192565918e-05
191,21,4.8969268798828124e-05
191,31,5.2108287811279295e-05
191,41,5.489993095397949e-05
191,51,5.8017253875732425e-05
191,61,6.165409088134766e-05
191,71,6.466150283813476e-05
191,81,7.358860969543458e-05
191,91,7.714414596557617e-05
191,101,8.010697364807129e-05
191,111,8.743715286254883e-05
191,121,8.860421180725097e-05
191,131,9.199333190917969e-05
191,141,9.568285942077636e-05
191,151,9.940814971923828e-05
191,161,0.00010279679298400879
191,171,0.00010766911506652832
191,181,0.00011034178733825684
191,191,0.00011437368392944336
191,201,0.00011842060089111328
191,211,0.0001223142147064209
191,221,0.00012575817108154296
191,231,0.00012978577613830566
191,241,0.00013379931449890138
191,251,0.00013715052604675292
191,261,0.00014045262336730957
191,271,0.00014554977416992188
191,281,0.00014793801307678222
191,291,0.00015162920951843263
191,301,0.000155029296875
191,311,0.00015909910202026366
191,321,0.00016219353675842285
191,331,0.00016614937782287597
191,341,0.00016977262496948242
191,351,0.00017447686195373534
191,361,0.00018209028244018554
191,371,0.00018062281608581543
191,381,0.00018407630920410156
191,391,0.00018677496910095214
191,401,0.00019062471389770508
191,411,0.00019455528259277344
191,421,0.00019794559478759766
191,431,0.00020184803009033202
191,441,0.00020496535301208496
191,451,0.0002099783420562744
191,461,0.00021231698989868165
191,471,0.0002185666561126709
191,481,0.00021984028816223144
191,491,0.00022745585441589356
191,501,0.00022666478157043458
191,511,0.00023027396202087404
191,521,0.00023340153694152832
191,531,0.0002405068874359131
191,541,0.00024083089828491212
191,551,0.0002454335689544678
191,561,0.0002479901313781738
191,571,0.00025359439849853517
191,581,0.0002564373016357422
191,591,0.00026035332679748535
191,601,0.00026393818855285645
191,611,0.0002677757740020752
191,621,0.00027268385887146
191,631,0.0002735133171081543
191,641,0.00027678728103637697
201,1,4.176950454711914e-05
201,11,4.592990875244141e-05
201,21,5.0057649612426756e-05
201,31,5.369400978088379e-05
201,41,5.628657341003418e-05
201,51,5.9637069702148436e-05
201,61,6.629705429077148e-05
201,71,6.705427169799804e-05
201,81,7.65089988708496e-05
201,91,8.15439224243164e-05
201,101,8.418655395507812e-05
201,111,8.861517906188964e-05
201,121,9.227752685546875e-05
201,131,9.587407112121582e-05
201,141,9.923577308654786e-05
201,151,0.00010355186462402343
201,161,0.00010669469833374023
201,171,0.000111403226852417
201,181,0.00011436200141906738
201,191,0.00011887288093566894
201,201,0.0001223576068878174
201,211,0.00012662076950073242
201,221,0.00012996411323547364
201,231,0.0001342782974243164
201,241,0.0001404416561126709
201,251,0.00014219117164611817
201,261,0.00014624404907226564
201,271,0.00015002155303955078
201,281,0.00015307021141052247
201,291,0.00015745997428894042
201,301,0.0001609964370727539
201,311,0.00016545534133911133
201,321,0.00016845560073852538
201,331,0.00017303085327148438
201,341,0.0001762421131134033
201,351,0.00018058037757873535
201,361,0.0001839754581451416
201,371,0.00018764567375183106
201,381,0.00019651699066162108
201,391,0.00019924235343933105
201,401,0.00020543575286865234
201,411,0.00020670604705810548
201,421,0.00021244454383850098
201,431,0.00021407270431518554
201,441,0.0002186744213104248
201,451,0.00022234034538269043
201,461,0.00022564101219177247
201,471,0.0002307741641998291
201,481,0.0002344982624053955
201,491,0.00023862695693969727
201,501,0.00024218511581420898
201,511,0.0002465715408325195
201,521,0.0002522411346435547
201,531,0.0002526497840881348
201,541,0.00025935745239257814
201,551,0.00026131081581115724
201,561,0.00026477956771850587
201,571,0.00026865220069885253
201,581,0.00027167558670043946
201,591,0.00027631354331970214
201,601,0.00027936673164367676
201,611,0.00028591513633728025
201,621,0.00030184292793273925
201,631,0.0002920379638671875
201,641,0.0002978842258453369
211,1,4.279327392578125e-05
211,11,4.760432243347168e-05
211,21,5.183291435241699e-05
211,31,5.555009841918945e-05
211,41,5.8513402938842774e-05
211,51,6.175613403320313e-05
211,61,6.623625755310059e-05
211,71,6.919050216674805e-05
211,81,7.910895347595215e-05
211,91,8.385229110717773e-05
211,101,8.735084533691406e-05
211,111,9.181714057922363e-05
211,121,9.520101547241211e-05
211,131,0.00010034942626953125
211,141,0.00010347366333007812
211,151,0.00010793113708496094
211,161,0.00011171030998229981
211,171,0.00011591529846191407
211,181,0.0001194911003112793
211,191,0.00012476444244384765
211,201,0.0001275627613067627
211,211,0.00013243627548217772
211,221,0.00013560223579406737
211,231,0.00014261889457702637
211,241,0.00014400482177734375
211,251,0.00014882373809814453
211,261,0.00015544605255126954
211,271,0.00015641546249389648
211,281,0.0001599893569946289
211,291,0.00016706132888793946
211,301,0.0001683802604675293
211,311,0.00017297959327697754
211,321,0.00017854046821594237
211,331,0.00017999982833862306
211,341,0.000183990478515625
211,351,0.00018831682205200194
211,361,0.00019564533233642578
211,371,0.00019862818717956542
211,381,0.00020418381690979004
211,391,0.00021044850349426268
211,401,0.0002116670608520508
211,411,0.00021628808975219726
211,421,0.00021922016143798828
211,431,0.00022468233108520507
211,441,0.00022730803489685059
211,451,0.0002341022491455078
211,461,0.00023562216758728026
211,471,0.00024289369583129882
211,481,0.0002427523136138916
211,491,0.0002495110034942627
211,501,0.0002506120204925537
211,511,0.00025746989250183104
211,521,0.0002595016956329346
211,531,0.0002640540599822998
211,541,0.00026766443252563475
211,551,0.0002713510990142822
211,561,0.0002776472568511963
211,571,0.0002794675827026367
211,581,0.0002838010787963867
211,591,0.000288365364074707
211,601,0.00029114389419555663
211,611,0.00029637908935546876
211,621,0.0003006949424743652
211,631,0.000304743766784668
211,641,0.0003109843730926514
221,1,4.416251182556152e-05
221,11,4.946446418762207e-05
221,21,5.3824663162231447e-05
221,31,5.741477012634277e-05
221,41,6.099224090576172e-05
221,51,6.394696235656739e-05
221,61,7.138609886169434e-05
221,71,7.201576232910156e-05
221,81,8.206367492675781e-05
221,91,8.670926094055176e-05
221,101,9.062933921813965e-05
221,111,9.601330757141113e-05
221,121,9.923720359802246e-05
221,131,0.0001264357566833496
221,141,0.00010752320289611817
221,151,0.00011240458488464356
221,161,0.0001156022548675537
221,171,0.00012073373794555664
221,181,0.00012528824806213378
221,191,0.00012979960441589355
221,201,0.00013386869430541992
221,211,0.00013764405250549317
221,221,0.00014227747917175293
221,231,0.00014617013931274414
221,241,0.0001497023105621338
221,251,0.0001559009552001953
221,261,0.0001589531898498535
221,271,0.00016278433799743654
221,281,0.0001693270206451416
221,291,0.00017092347145080566
221,301,0.00017471909523010255
221,311,0.00018217396736145019
221,321,0.00018297624588012695
221,331,0.00018766069412231445
221,341,0.0001916062831878662
221,351,0.00019587206840515137
221,361,0.00020705747604370117
221,371,0.0002095179557800293
221,381,0.00021409082412719726
221,391,0.0002208569049835205
221,401,0.00022516417503356935
221,411,0.00022936630249023438
221,421,0.00023418307304382325
221,431,0.00023817753791809083
221,441,0.00024375247955322265
221,451,0.00024833416938781737
221,461,0.00025409722328186034
221,471,0.00025588512420654297
221,481,0.00025990557670593263
221,491,0.0002643392086029053
221,501,0.0002685420513153076
221,511,0.00027374505996704103
221,521,0.00027720904350280763
221,531,0.00028192520141601563
221,541,0.0002854735851287842
221,551,0.00029039049148559573
221,561,0.00029460811614990233
221,571,0.0002995615005493164
221,581,0.00030509662628173826
221,591,0.00030840420722961424
221,601,0.0003297882080078125
221,611,0.00031730055809020997
221,621,0.00032088589668273926
221,631,0.00032660055160522463
221,641,0.00033078432083129885
231,1,4.6144962310791014e-05
231,11,5.088138580322266e-05
231,21,5.536317825317383e-05
231,31,5.936551094055176e-05
231,41,6.294059753417969e-05
231,51,6.68790340423584e-05
231,61,7.084298133850098e-05
231,71,7.409906387329101e-05
231,81,8.488321304321289e-05
231,91,9.336805343627929e-05
231,101,9.370636940002442e-05
231,111,9.879040718078614e-05
231,121,0.000102630615234375
231,131,0.00010805559158325196
231,141,0.00011381149291992188
231,151,0.00011630272865295411
231,161,0.0001201333999633789
231,171,0.00012785863876342774
231,181,0.00012925124168395997
231,191,0.00013391923904418945
231,201,0.0001382143497467041
231,211,0.00014353513717651367
231,221,0.00014713382720947266
231,231,0.0001518232822418213
231,241,0.00015584301948547364
231,251,0.00016047811508178712
231,261,0.00016412663459777833
231,271,0.00019162344932556152
231,281,0.000173459529876709
231,291,0.00017919445037841797
231,301,0.0001818106174468994
231,311,0.00018661165237426758
231,321,0.00019110417366027832
231,331,0.00019547843933105468
231,341,0.00019898033142089842
231,351,0.0002036585807800293
231,361,0.0002087709903717041
231,371,0.00021295881271362306
231,381,0.00021633362770080567
231,391,0.00022177839279174805
231,401,0.0002259373664855957
231,411,0.00023150229454040527
231,421,0.00023419547080993653
231,431,0.0002413027286529541
231,441,0.0002430281639099121
231,451,0.0002475078105926514
231,461,0.00025419068336486817
231,471,0.00025644898414611816
231,481,0.00026053977012634275
231,491,0.00026505231857299806
231,501,0.00026908254623413087
231,511,0.000288529634475708
231,521,0.00027858757972717285
231,531,0.00028348708152770995
231,541,0.00028755235671997073
231,551,0.00029367589950561525
231,561,0.00029685139656066895
231,571,0.0003011307716369629
231,581,0.000305316686630249
231,591,0.0003095221519470215
231,601,0.0003121712207794189
231,611,0.0003193581104278564
231,621,0.00032407808303833006
231,631,0.0003280208110809326
231,641,0.00033179354667663575
241,1,4.750514030456543e-05
241,11,5.2446603775024415e-05
241,21,5.735325813293457e-05
241,31,6.130695343017578e-05
241,41,6.736516952514649e-05
241,51,6.908965110778809e-05
241,61,7.370209693908692e-05
241,71,7.650542259216309e-05
241,81,8.827519416809082e-05
241,91,9.345912933349609e-05
241,101,9.940171241760254e-05
241,111,0.00010208344459533691
241,121,0.00010627913475036621
241,131,0.00011124897003173829
241,141,0.00011676073074340821
241,151,0.00012042903900146484
241,161,0.00012491440773010253
241,171,0.00013031625747680664
241,181,0.00013551926612854004
241,191,0.00013909149169921876
241,201,0.00014288973808288574
241,211,0.00015122771263122558
241,221,0.00015187859535217285
241,231,0.00015702414512634277
241,241,0.00016129064559936522
241,251,0.00016636896133422852
241,261,0.0001722862720489502
241,271,0.00017598128318786622
241,281,0.0001802070140838623
241,291,0.00018538784980773925
241,301,0.00018928146362304687
241,311,0.00019472503662109375
241,321,0.00019895410537719728
241,331,0.00020266222953796388
241,341,0.00020767903327941894
241,351,0.0002117290496826172
241,361,0.00021597814559936524
241,371,0.00022084617614746095
241,381,0.00022877907752990722
241,391,0.00023470973968505858
241,401,0.00023878192901611328
241,411,0.00024384522438049316
241,421,0.0002504215240478516
241,431,0.00025249624252319337
241,441,0.0002562458515167236
241,451,0.00026115989685058594
241,461,0.0002688283920288086
241,471,0.00027161359786987305
241,481,0.0002748563289642334
241,491,0.00028023314476013185
241,501,0.00028589081764221193
241,511,0.000289337158203125
241,521,0.000295651912689209
241,531,0.00029820847511291505
241,541,0.0003019976615905762
241,551,0.00030961227416992186
241,561,0.0003117153644561768
241,571,0.00031923627853393553
241,581,0.00032463693618774413
241,591,0.00032640910148620605
241,601,0.00033290958404541017
241,611,0.0003379104137420654
241,621,0.00033977675437927245
241,631,0.0003448326587677002
241,641,0.00035223817825317383
251,1,4.842472076416016e-05
251,11,5.3692102432250975e-05
251,21,5.871081352233887e-05
251,31,6.235885620117188e-05
251,41,6.898832321166992e-05
251,51,7.027244567871094e-05
251,61,7.496261596679687e-05
251,71,7.885909080505371e-05
251,81,9.107160568237305e-05
251,91,9.646773338317871e-05
251,101,0.00010125708580017089
251,111,0.00010583114624023437
251,121,0.00011003541946411133
251,131,0.00011582756042480468
251,141,0.00011951708793640137
251,151,0.00012461614608764648
251,161,0.00012902116775512695
251,171,0.00013501834869384765
251,181,0.00013850736618041992
251,191,0.00014382290840148925
251,201,0.00015023231506347656
251,211,0.0001534419059753418
251,221,0.00015742206573486327
251,231,0.00016366124153137208
251,241,0.00016706132888793946
251,251,0.00017226648330688477
251,261,0.00017702817916870117
251,271,0.00018225598335266114
251,281,0.00018572235107421875
251,291,0.00019118642807006836
251,301,0.00019533205032348634
251,311,0.00020611214637756347
251,321,0.00020556211471557618
251,331,0.00021048212051391602
251,341,0.0002144615650177002
251,351,0.0002199091911315918
251,361,0.00022412323951721193
251,371,0.0002295067310333252
251,381,0.0002335383892059326
251,391,0.0002401747703552246
251,401,0.00024359631538391113
251,411,0.00024849724769592283
251,421,0.0002522447109222412
251,431,0.0002581443786621094
251,441,0.0002619783878326416
251,451,0.0002669858932495117
251,461,0.00027206945419311525
251,471,0.0002771213054656982
251,481,0.0002809450626373291
251,491,0.00028590869903564456
251,501,0.00029085946083068847
251,511,0.00029588866233825684
251,521,0.0002991063594818115
251,531,0.00030547189712524413
251,541,0.00030885982513427734
251,551,0.0003153736591339111
251,561,0.0003198657035827637
251,571,0.0003260653018951416
251,581,0.00032747626304626467
251,591,0.000334989070892334
251,601,0.00033708953857421875
251,611,0.00034335923194885254
251,621,0.0003471062183380127
251,631,0.00035389924049377444
251,641,0.00035747933387756347
261,1,4.97593879699707e-05
261,11,5.464935302734375e-05
261,21,5.975031852722168e-05
261,31,6.48202896118164e-05
261,41,7.079601287841797e-05
261,51,7.31346607208252e-05
261,61,7.774567604064941e-05
261,71,8.168101310729981e-05
261,81,9.590888023376465e-05
261,91,0.00010178303718566894
261,101,0.0001068265438079834
261,111,0.00011004042625427246
261,121,0.00011471199989318848
261,131,0.0001200268268585205
261,141,0.00012792062759399414
261,151,0.00013067197799682617
261,161,0.00013567304611206054
261,171,0.0001430516242980957
261,181,0.00014610743522644042
261,191,0.00015192270278930665
261,201,0.00015686559677124024
261,211,0.00016232991218566894
261,221,0.00016660785675048827
261,231,0.00017310476303100585
261,241,0.00017656397819519043
261,251,0.00018249940872192382
261,261,0.00018764781951904297
261,271,0.00019314336776733398
261,281,0.0001971893310546875
261,291,0.0002035815715789795
261,301,0.0002080090045928955
261,311,0.00021479225158691406
261,321,0.00021876811981201173
261,331,0.00022367548942565918
261,341,0.0002282531261444092
261,351,0.00023489856719970703
261,361,0.00023948907852172852
261,371,0.0002447199821472168
261,381,0.0002502741813659668
261,391,0.0002558116912841797
261,401,0.0002605612277984619
261,411,0.00026569199562072755
261,421,0.00027071619033813474
261,431,0.0002757570743560791
261,441,0.00028033065795898436
261,451,0.0002868809700012207
261,461,0.00029033541679382327
261,471,0.000296191930770874
261,481,0.000301361083984375
261,491,0.000307039737701416
261,501,0.0003122742176055908
261,511,0.00031743335723876954
261,521,0.0003217754364013672
261,531,0.00032662725448608397
261,541,0.0003314874172210693
261,551,0.0003383100032806396
261,561,0.0003431150913238525
261,571,0.00035099363327026367
261,581,0.0003558344841003418
261,591,0.00035800886154174804
261,601,0.0003640928268432617
261,611,0.0003698751926422119
261,621,0.0003753702640533447
261,631,0.00038063812255859374
261,641,0.0003824625015258789
271,1,5.192780494689941e-05
271,11,5.7144403457641604e-05
271,21,6.192851066589356e-05
271,31,6.674408912658691e-05
271,41,7.094573974609375e-05
271,51,7.481598854064941e-05
271,61,8.030652999877929e-05
271,71,8.470749855041504e-05
271,81,0.00010054230690002441
271,91,0.00010587096214294434
271,101,0.00010873699188232422
271,111,0.00011669087409973145
271,121,0.00011856508255004883
271,131,0.00012487101554870604
271,141,0.00012959790229797363
271,151,0.00013562798500061035
271,161,0.00014018654823303223
271,171,0.00014594674110412597
271,181,0.00015173864364624023
271,191,0.0001567990779876709
271,201,0.0001617279052734375
271,211,0.00016860246658325194
271,221,0.00017312550544738769
271,231,0.00017880821228027344
271,241,0.0001861872673034668
271,251,0.00018984222412109374
271,261,0.00019525146484375
271,271,0.00020118117332458497
271,281,0.00020799851417541504
271,291,0.0002110440731048584
271,301,0.00021684074401855468
271,311,0.00022328472137451172
271,321,0.0002279205322265625
271,331,0.00023418354988098144
271,341,0.00023952579498291016
271,351,0.0002441377639770508
271,361,0.0002495608329772949
271,371,0.0002549147605895996
271,381,0.00026139426231384276
271,391,0.00026576948165893556
271,401,0.00027106595039367676
271,411,0.00029176855087280275
271,421,0.0002816479206085205
271,431,0.0002873594760894775
271,441,0.000312420129776001
271,451,0.0002977030277252197
271,461,0.0003038465976715088
271,471,0.0003086564540863037
271,481,0.0003136844635009766
271,491,0.00031909465789794924
271,501,0.0003240413665771484
271,511,0.00033023667335510255
271,521,0.0003345310688018799
271,531,0.0003397963047027588
271,541,0.0003454022407531738
271,551,0.0003523695468902588
271,561,0.00035594415664672854
271,571,0.0003615899085998535
271,581,0.00036679720878601076
271,591,0.00037256765365600587
271,601,0.0003782992362976074
271,611,0.0003840482234954834
271,621,0.0003889787197113037
271,631,0.00039453887939453126
271,641,0.00039850711822509766
281,1,5.283784866333008e-05
281,11,5.843639373779297e-05
281,21,6.342697143554687e-05
281,31,6.825804710388184e-05
281,41,7.229328155517579e-05
281,51,7.723283767700195e-05
281,61,8.233809471130371e-05
281,71,8.735251426696777e-05
281,81,0.00010368633270263672
281,91,0.00010828924179077148
281,101,0.00011161947250366211
281,111,0.00012285971641540528
281,121,0.00012227559089660644
281,131,0.00012906956672668456
281,141,0.00013410711288452148
281,151,0.0001405336856842041
281,161,0.00014441752433776855
281,171,0.00015131926536560058
281,181,0.0001563258171081543
281,191,0.0001619255542755127
281,201,0.00016730189323425294
281,211,0.00017392754554748535
281,221,0.00017922163009643556
281,231,0.00018527770042419433
281,241,0.00019124937057495118
281,251,0.0001961519718170166
281,261,0.00020119643211364747
281,271,0.0002075343132019043
281,281,0.0002125387191772461
281,291,0.00021856880187988282
281,301,0.00022358274459838867
281,311,0.00022975397109985352
281,321,0.00023551416397094726
281,331,0.00024216389656066893
281,341,0.00024798345565795897
281,351,0.0002540919780731201
281,361,0.00025909829139709475
281,371,0.0002645070552825928
281,381,0.0002698836326599121
281,391,0.0002756991386413574
281,401,0.0002807204723358154
281,411,0.00028653764724731446
281,421,0.00029224157333374023
281,431,0.0002984285354614258
281,441,0.0003026890754699707
281,451,0.00030945014953613284
281,461,0.0003126399517059326
281,471,0.0003213357925415039
281,481,0.00032405614852905275
281,491,0.0003305706977844238
281,501,0.0003503987789154053
281,511,0.0003408756256103516
281,521,0.00034543585777282716
281,531,0.00035287714004516603
281,541,0.00035962891578674317
281,551,0.0003829913139343262
281,561,0.00036756420135498045
281,571,0.00037437057495117186
281,581,0.00038104939460754396
281,591,0.00038506507873535155
281,601,0.0003907744884490967
281,611,0.00039859747886657713
281,621,0.00040233659744262694
281,631,0.0004100170135498047
281,641,0.0004149250984191894
291,1,5.3589820861816404e-05
291,11,5.9071540832519534e-05
291,21,6.799697875976562e-05
291,31,7.043790817260742e-05
291,41,7.435941696166993e-05
291,51,7.977581024169922e-05
291,61,8.511829376220703e-05
291,71,8.93418788909912e-05
291,81,0.00010911989212036133
291,91,0.00010997533798217773
291,101,0.00011601448059082032
291,111,0.0001228811740875244
291,121,0.00012659430503845215
291,131,0.00013247323036193849
291,141,0.00013776159286499023
291,151,0.00014696097373962402
291,161,0.0001497917175292969
291,171,0.00015564632415771484
291,181,0.00016198420524597167
291,191,0.000167621374130249
291,201,0.00017290782928466796
291,211,0.00017938446998596192
291,221,0.00018461084365844726
291,231,0.00019067096710205077
291,241,0.00019684457778930663
291,251,0.00020351600646972655
291,261,0.0002100522518157959
291,271,0.00021532988548278808
291,281,0.00021981000900268556
291,291,0.00022675681114196777
291,301,0.0002327737808227539
291,311,0.00023877692222595216
291,321,0.00024301815032958985
291,331,0.00024912190437316895
291,341,0.00025516724586486817
291,351,0.0002606241703033447
291,361,0.0002663159370422363
291,371,0.0002755587100982666
291,381,0.00027766942977905276
291,391,0.00028393745422363283
291,401,0.00028928136825561525
291,411,0.0002945845127105713
291,421,0.0003031737804412842
291,431,0.00030622625350952147
291,441,0.0003108541965484619
291,451,0.0003165628910064697
291,461,0.0003227336406707764
291,471,0.0003290350437164307
291,481,0.0003337514400482178
291,491,0.0003447768688201904
291,501,0.0003451972007751465
291,511,0.0003508718013763428
291,521,0.00035921669006347656
291,531,0.0003610680103302002
291,541,0.00038378524780273437
291,551,0.00037304878234863283
291,561,0.00038006854057312013
291,571,0.00038616061210632323
291,581,0.00039345145225524905
291,591,0.0003951554298400879
291,601,0.0004094889163970947
291,611,0.00040943169593811034
291,621,0.00041522598266601564
291,631,0.000421722412109375
291,641,0.00042569351196289064
301,1,5.5001020431518555e-05
301,11,6.041359901428223e-05
301,21,6.681489944458008e-05
301,31,7.229304313659668e-05
301,41,7.651901245117188e-05
301,51,8.179235458374024e-05
301,61,8.687186241149903e-05
301,71,9.216880798339844e-05
301,81,0.00010612654685974121
301,91,0.0001128525733947754
301,101,0.00011775588989257812
301,111,0.00012575054168701173
301,121,0.00012920570373535156
301,131,0.00013521456718444824
301,141,0.00014029836654663085
301,151,0.0001479220390319824
301,161,0.00015229582786560058
301,171,0.00015923333168029786
301,181,0.00018186116218566893
301,191,0.00017118310928344727
301,201,0.00017633867263793947
301,211,0.00018309283256530762
301,221,0.00018839454650878906
301,231,0.00019757652282714844
301,241,0.00020009779930114745
301,251,0.00020956063270568848
301,261,0.00021150493621826172
301,271,0.00022042226791381837
301,281,0.000223968505859375
301,291,0.0002329564094543457
301,301,0.00023569083213806152
301,311,0.00024297046661376953
301,321,0.00024797797203063965
301,331,0.0002574489116668701
301,341,0.0002596871852874756
301,351,0.0002666666507720947
301,361,0.0002712714672088623
301,371,0.00027798008918762207
301,381,0.0002827413082122803
301,391,0.0002894594669342041
301,401,0.00029501914978027346
301,411,0.00030207467079162596
301,421,0.00030708742141723634
301,431,0.0003133475780487061
301,441,0.0003200693130493164
301,451,0.00032470417022705076
301,461,0.000333054780960083
301,471,0.0003372445106506348
301,481,0.00034100651741027834
301,491,0.00034853339195251465
301,501,0.00035335731506347655
301,511,0.00035950636863708494
301,521,0.00036446142196655274
301,531,0.0003732919692993164
301,541,0.00037877082824707033
301,551,0.0003836383819580078
301,561,0.00039054059982299806
301,571,0.00039411139488220213
301,581,0.00039914512634277343
301,591,0.00040593814849853514
301,601,0.0004101846218109131
301,611,0.0004179997444152832
301,621,0.0004252629280090332
301,631,0.00043164229393005373
301,641,0.00043712687492370605
311,1,5.6191444396972656e-05
311,11,6.210732460021973e-05
311,21,9.680318832397461e-05
311,31,7.392048835754395e-05
311,41,7.881879806518554e-05
311,51,8.388376235961914e-05
311,61,8.981561660766602e-05
311,71,9.373998641967773e-05
311,81,0.0001087186336517334
311,91,0.00011849617958068848
311,101,0.0001214005947113037
311,111,0.00012798428535461425
311,121,0.00013330888748168946
311,131,0.0001398124694824219
311,141,0.00014495182037353515
311,151,0.00015183043479919433
311,161,0.00015769124031066894
311,171,0.00016502952575683593
311,181,0.00016933584213256835
311,191,0.00017650628089904786
311,201,0.0001819334030151367
311,211,0.000192155122756958
311,221,0.0001948854923248291
311,231,0.00020330286026000978
311,241,0.00020728635787963868
311,251,0.000214949369430542
311,261,0.00022043800354003905
311,271,0.00022685885429382324
311,281,0.00023243427276611328
311,291,0.0002393510341644287
311,301,0.00026906204223632813
311,311,0.00025069546699523924
311,321,0.00025607681274414064
311,331,0.00026368474960327147
311,341,0.00026829028129577635
311,351,0.0002751140594482422
311,361,0.0002801084518432617
311,371,0.0002875130176544189
311,381,0.00029305315017700195
311,391,0.00029950737953186033
311,401,0.00030787158012390137
311,411,0.000312058687210083
311,421,0.00031687211990356445
311,431,0.0003241362571716309
311,441,0.00033132719993591306
311,451,0.0003519554138183594
311,461,0.00034148335456848146
311,471,0.00034993839263916017
311,481,0.00035694575309753415
311,491,0.00036125349998474124
311,501,0.0003655209541320801
311,511,0.00037424564361572267
311,521,0.0003797454833984375
311,531,0.00038573646545410155
311,541,0.0003900487422943115
311,551,0.0003958132266998291
311,561,0.0004028964042663574
311,571,0.0004297056198120117
311,581,0.0004144566059112549
311,591,0.00042188453674316405
311,601,0.00042772579193115233
311,611,0.0004345870018005371
311,621,0.0004379866123199463
311,631,0.00044620752334594726
311,641,0.0004497396945953369
321,1,5.759239196777344e-05
321,11,6.348085403442382e-05
321,21,7.031416893005371e-05
321,31,7.581138610839844e-05
321,41,8.042860031127929e-05
321,51,8.641362190246582e-05
321,61,9.159207344055176e-05
321,71,9.605145454406739e-05
321,81,0.00011234617233276367
321,91,0.00011969137191772461
321,101,0.00012451624870300293
321,111,0.00013129138946533204
321,121,0.00013758873939514161
321,131,0.00014534878730773924
321,141,0.0001495506763458252
321,151,0.00015641260147094727
321,161,0.00016213655471801757
321,171,0.00016942167282104492
321,181,0.0001755948066711426
321,191,0.0001841585636138916
321,201,0.00018808603286743164
321,211,0.00019735050201416017
321,221,0.00020062589645385742
321,231,0.00021060967445373535
321,241,0.00021384787559509277
321,251,0.00022318243980407715
321,261,0.0002268397808074951
321,271,0.00023590087890625
321,281,0.00023919224739074707
321,291,0.0002490372657775879
321,301,0.00025241374969482423
321,311,0.00025986695289611817
321,321,0.00026378655433654787
321,331,0.00027168393135070803
321,341,0.0002778847217559814
321,351,0.0002869119644165039
321,361,0.0002901439666748047
321,371,0.00029764676094055177
321,381,0.00030309700965881346
321,391,0.0003129560947418213
321,401,0.00032985949516296386
321,411,0.0003228330612182617
321,421,0.0003276536464691162
321,431,0.0003350324630737305
321,441,0.0003392932415008545
321,451,0.00034757089614868164
321,461,0.0003549070358276367
321,471,0.00035960984230041506
321,481,0.0003661839962005615
321,491,0.0003721277713775635
321,501,0.0003796236515045166
321,511,0.0003849227428436279
321,521,0.0003919677734375
321,531,0.00039652442932128906
321,541,0.0004050617218017578
321,551,0.000410050630569458
321,561,0.0004173884391784668
321,571,0.00042334389686584474
321,581,0.0004314000606536865
321,591,0.0004370872974395752
321,601,0.00043969273567199705
321,611,0.00044806742668151853
321,621,0.0004521744251251221
321,631,0.0004600222110748291
321,641,0.0004689006805419922
