1,1,1.6370534896850585e-05
1,11,1.8258571624755858e-05
1,21,1.8939495086669922e-05
1,31,2.0113706588745117e-05
1,41,2.1065950393676758e-05
1,51,2.2405385971069335e-05
1,61,2.255582809448242e-05
1,71,2.4651288986206054e-05
1,81,2.6293516159057617e-05
1,91,2.7342557907104494e-05
1,101,2.7982711791992186e-05
1,111,2.906942367553711e-05
1,121,2.931785583496094e-05
1,131,3.06248664855957e-05
1,141,3.0892133712768554e-05
1,151,3.206324577331543e-05
1,161,3.2765865325927736e-05
1,171,3.366398811340332e-05
1,181,3.505897521972656e-05
1,191,3.5889148712158203e-05
1,201,3.5749435424804685e-05
1,211,3.678584098815918e-05
1,221,3.840160369873047e-05
1,231,3.8904666900634765e-05
1,241,3.979253768920898e-05
1,251,4.8984289169311526e-05
1,261,4.098153114318848e-05
1,271,5.014681816101074e-05
1,281,8.019638061523437e-05
1,291,4.417705535888672e-05
1,301,5.920600891113281e-05
1,311,5.756020545959473e-05
1,321,6.486058235168457e-05
1,331,5.661249160766601e-05
1,341,4.845404624938965e-05
1,351,5.7518720626831056e-05
1,361,7.406830787658692e-05
1,371,6.61029815673828e-05
1,381,7.047533988952637e-05
1,391,5.56941032409668e-05
1,401,5.489540100097656e-05
1,411,5.782270431518555e-05
1,421,6.601691246032714e-05
1,431,5.704927444458008e-05
1,441,6.066584587097168e-05
1,451,5.7626008987426756e-05
1,461,8.560442924499511e-05
1,471,6.182193756103516e-05
1,481,6.154656410217285e-05
1,491,8.108973503112793e-05
1,501,6.207418441772461e-05
1,511,7.751035690307617e-05
1,521,8.613920211791992e-05
1,531,9.135699272155761e-05
1,541,6.754684448242188e-05
1,551,0.0001624455451965332
1,561,6.677055358886718e-05
1,571,6.852197647094726e-05
1,581,6.884479522705077e-05
1,591,6.941342353820801e-05
1,601,0.0001288151741027832
1,611,7.120299339294433e-05
1,621,7.1868896484375e-05
1,631,8.174324035644531e-05
1,641,7.354068756103516e-05
11,1,3.5367965698242186e-05
11,11,4.035043716430664e-05
11,21,4.5651912689208986e-05
11,31,5.214405059814453e-05
11,41,5.554008483886719e-05
11,51,6.127262115478515e-05
11,61,6.617355346679688e-05
11,71,7.09989070892334e-05
11,81,8.159327507019042e-05
11,91,8.937788009643554e-05
11,101,9.351301193237304e-05
11,111,9.982967376708985e-05
11,121,0.00010433602333068848
11,131,0.00011130547523498535
11,141,0.00011761069297790528
11,151,0.00012169122695922852
11,161,0.00012785983085632325
11,171,0.00013347411155700684
11,181,0.00013892674446105958
11,191,0.00014377069473266602
11,201,0.00014922142028808594
11,211,0.00015683627128601073
11,221,0.00016059064865112305
11,231,0.00016702556610107423
11,241,0.00017197132110595702
11,251,0.00017787623405456543
11,261,0.0001838405132293701
11,271,0.0001878037452697754
11,281,0.00019438314437866211
11,291,0.00020073556900024415
11,301,0.00020485901832580566
11,311,0.00021249222755432128
11,321,0.00021570277214050292
11,331,0.00022322416305541992
11,341,0.00022766757011413575
11,351,0.0002355670928955078
11,361,0.00024109935760498048
11,371,0.0002457747459411621
11,381,0.000252946138381958
11,391,0.0002317953109741211
11,401,0.00023769235610961913
11,411,0.0002437467575073242
11,421,0.0002484700679779053
11,431,0.0002533426284790039
11,441,0.00025594139099121096
11,451,0.00026298022270202637
11,461,0.0002670829296112061
11,471,0.0002720983028411865
11,481,0.0002758333683013916
11,491,0.00028001999855041505
11,501,0.0002865133285522461
11,511,0.00029154181480407716
11,521,0.0002964107990264893
11,531,0.00030033254623413084
11,541,0.00030516672134399414
11,551,0.00031113195419311523
11,561,0.00031579804420471194
11,571,0.0003179342746734619
11,581,0.0003259272575378418
11,591,0.0003452494144439697
11,601,0.00033364248275756834
11,611,0.00033751273155212404
11,621,0.00034402775764465335
11,631,0.0003517637252807617
11,641,0.0003555467128753662
21,1,5.228304862976074e-05
21,11,6.205654144287109e-05
21,21,7.245397567749024e-05
21,31,8.297252655029297e-05
21,41,9.166860580444336e-05
21,51,0.00010080265998840333
21,61,0.00011091327667236328
21,71,0.00012021398544311523
21,81,0.00013229775428771974
21,91,0.00014229488372802734
21,101,0.00014895319938659668
21,111,0.0001597304344177246
21,121,0.00016753673553466798
21,131,0.00017721080780029296
21,141,0.00018572854995727538
21,151,0.00019517850875854493
21,161,0.00020372509956359864
21,171,0.0002116525173187256
21,181,0.00022865605354309082
21,191,0.00023972225189208983
21,201,0.0002496063709259033
21,211,0.00025859594345092776
21,221,0.0002666127681732178
21,231,0.00027750015258789064
21,241,0.0002860832214355469
21,251,0.0002968416213989258
21,261,0.00030493664741516115
21,271,0.00031409287452697756
21,281,0.0003230030536651611
21,291,0.0003334081172943115
21,301,0.000353663444519043
21,311,0.00035221290588378907
21,321,0.00036214303970336916
21,331,0.00037054443359375
21,341,0.0003970463275909424
21,351,0.00039301347732543943
21,361,0.00040084433555603025
21,371,0.00040847134590148924
21,381,0.0004177110195159912
21,391,0.00041257119178771974
21,401,0.00042127156257629395
21,411,0.00043150734901428224
21,421,0.00043861889839172364
21,431,0.000448976993560791
21,441,0.0004588613510131836
21,451,0.0004692912101745605
21,461,0.0004743790626525879
21,471,0.0004857609272003174
21,481,0.0004934000968933105
21,491,0.0005010933876037597
21,501,0.0005103259086608887
21,511,0.0005205996036529541
21,521,0.0005270891189575195
21,531,0.0005375289916992187
21,541,0.0005468251705169678
21,551,0.0005571382045745849
21,561,0.0005638172626495361
21,571,0.0005742108821868896
21,581,0.0005796880722045898
21,591,0.0005918326377868652
21,601,0.0005967550277709961
21,611,0.0006078097820281982
21,621,0.0006171402931213379
21,631,0.0006271085739135742
21,641,0.0006345303058624268
31,1,7.102727890014649e-05
31,11,8.202409744262695e-05
31,21,9.496188163757324e-05
31,31,0.00011037731170654297
31,41,0.00012263107299804687
31,51,0.0001370377540588379
31,61,0.00015362119674682616
31,71,0.00016466617584228515
31,81,0.0001881098747253418
31,91,0.00020215392112731933
31,101,0.00021509933471679688
31,111,0.00022970390319824218
31,121,0.00024152851104736328
31,131,0.00025592923164367674
31,141,0.00026845812797546384
31,151,0.0002844817638397217
31,161,0.00029642534255981445
31,171,0.000309497594833374
31,181,0.0003231329917907715
31,191,0.00033539795875549316
31,201,0.00034674739837646485
31,211,0.00036295032501220705
31,221,0.00037558674812316896
31,231,0.0003903102874755859
31,241,0.00040372538566589355
31,251,0.0004225318431854248
31,261,0.00043189406394958493
31,271,0.0004450218677520752
31,281,0.000458071231842041
31,291,0.00047133564949035643
31,301,0.00048151159286499023
31,311,0.0005007858276367187
31,321,0.0005128843784332276
31,331,0.0005285441875457764
31,341,0.0005411736965179444
31,351,0.0005605266094207763
31,361,0.0005668196678161622
31,371,0.0005825381278991699
31,381,0.0005955839157104492
31,391,0.0006134541034698486
31,401,0.0006247751712799072
31,411,0.0006377453804016114
31,421,0.0006491971015930175
31,431,0.0006639978885650635
31,441,0.0006760218143463134
31,451,0.0006962025165557861
31,461,0.0007061142921447754
31,471,0.0007266187667846679
31,481,0.00073038649559021
31,491,0.0007510526180267334
31,501,0.0007595357894897461
31,511,0.0007732462882995606
31,521,0.0007871267795562744
31,531,0.0008042058944702148
31,541,0.0008143010139465332
31,551,0.0008265285491943359
31,561,0.0008379452228546143
31,571,0.000854630708694458
31,581,0.0008658459186553955
31,591,0.0008813061714172363
31,601,0.0008921828269958496
31,611,0.0009091119766235352
31,621,0.0009196929931640625
31,631,0.0009266824722290039
31,641,0.0009488105773925781
41,1,8.883285522460937e-05
41,11,0.00010391640663146973
41,21,0.00012334156036376953
41,31,0.00014388537406921387
41,41,0.00015924620628356934
41,51,0.00017937159538269044
41,61,0.00020015192031860353
41,71,0.0002166891098022461
41,81,0.0002407050132751465
41,91,0.0002612440586090088
41,101,0.0002751920223236084
41,111,0.00029656553268432616
41,121,0.0003094620704650879
41,131,0.00032946109771728513
41,141,0.0003446938991546631
41,151,0.0003646538257598877
41,161,0.0003812487125396729
41,171,0.00040065264701843263
41,181,0.00042169737815856936
41,191,0.0004328775405883789
41,201,0.0004479491710662842
41,211,0.0004686591625213623
41,221,0.0004872989654541016
41,231,0.0005111639499664306
41,241,0.0005199642181396484
41,251,0.0005410339832305908
41,261,0.0005575568675994873
41,271,0.000575453519821167
41,281,0.0005921857357025146
41,291,0.0006100242137908935
41,301,0.0006265573501586915
41,311,0.0006483988761901855
41,321,0.0006636526584625244
41,331,0.0006812076568603516
41,341,0.0007032966613769532
41,351,0.0007202348709106445
41,361,0.0007352426052093506
41,371,0.0007518556118011475
41,381,0.0007704164981842041
41,391,0.0008058245182037354
41,401,0.0008100574016571045
41,411,0.00083072829246521
41,421,0.0008462839126586914
41,431,0.0009042365550994873
41,441,0.0008732161521911621
41,451,0.0008923699855804444
41,461,0.0009043431282043457
41,471,0.0009297726154327392
41,481,0.0009452471733093262
41,491,0.0009571890830993653
41,501,0.0009732139110565185
41,511,0.0009932868480682373
41,521,0.0010088140964508057
41,531,0.0010294282436370849
41,541,0.0010427796840667724
41,551,0.001066094160079956
41,561,0.0010795433521270752
41,571,0.001100095272064209
41,581,0.001116314649581909
41,591,0.0011363911628723144
41,601,0.0011528370380401612
41,611,0.0011688661575317383
41,621,0.0011813540458679198
41,631,0.0012307810783386232
41,641,0.0012222437858581544
51,1,0.00010484552383422852
51,11,0.0001247720718383789
51,21,0.00014904332160949708
51,31,0.0001757214069366455
51,41,0.0001951608657836914
51,51,0.00023348069190979004
51,61,0.0002528367042541504
51,71,0.0002805981636047363
51,81,0.00029016590118408205
51,91,0.0003274414539337158
51,101,0.00033509373664855955
51,111,0.0003590559959411621
51,121,0.00037522268295288086
51,131,0.000401594877243042
51,141,0.00042278575897216795
51,151,0.00044594502449035647
51,161,0.00046403765678405763
51,171,0.0004989590644836426
51,181,0.000517758846282959
51,191,0.0005278096199035644
51,201,0.0005832188129425049
51,211,0.0005904600620269775
51,221,0.0006441116333007812
51,231,0.0006162867546081542
51,241,0.0006336336135864258
51,251,0.0006567504405975342
51,261,0.0006793572902679443
51,271,0.0007015464305877685
51,281,0.0007172019481658936
51,291,0.0007352666854858398
51,301,0.0007583906650543212
51,311,0.0007949435710906983
51,321,0.0008129866123199463
51,331,0.0008249099254608154
51,341,0.0008406217098236084
51,351,0.0008648858070373535
51,361,0.0008836441040039062
51,371,0.0009029762744903564
51,381,0.0009966919422149658
51,391,0.0009561986923217774
51,401,0.0009737198352813721
51,411,0.0010018775463104248
51,421,0.0010181586742401122
51,431,0.0010534296035766603
51,441,0.001063586711883545
51,451,0.0010824525356292725
51,461,0.0011014044284820557
51,471,0.0011257994174957275
51,481,0.0011437866687774658
51,491,0.0011763970851898194
51,501,0.0011930696964263915
51,511,0.0012124104499816894
51,521,0.0012274751663208009
51,531,0.0012544057369232179
51,541,0.0012738587856292725
51,551,0.00129589581489563
51,561,0.0013166232109069825
51,571,0.001343979835510254
51,581,0.0013576605319976806
51,591,0.001384019136428833
51,601,0.0014192752838134766
51,611,0.0014354097843170166
51,621,0.001447856903076172
51,631,0.0014840359687805175
51,641,0.001498410701751709
61,1,0.00012532877922058106
61,11,0.000145707368850708
61,21,0.00017642593383789063
61,31,0.00020806097984313966
61,41,0.00022583508491516113
61,51,0.000255840539932251
61,61,0.00028975963592529295
61,71,0.0003142402172088623
61,81,0.0003428013324737549
61,91,0.00037156009674072264
61,101,0.00039218640327453615
61,111,0.0004185500144958496
61,121,0.0004416851997375488
61,131,0.00046887660026550295
61,141,0.0004909842014312744
61,151,0.0005225803852081299
61,161,0.0005448398590087891
61,171,0.000571946144104004
61,181,0.0006125948429107666
61,191,0.0006232621669769287
61,201,0.0006500957012176514
61,211,0.0006766877174377441
61,221,0.0006946661472320557
61,231,0.000721207857131958
61,241,0.0007464253902435303
61,251,0.0007761850357055664
61,261,0.0007961816787719726
61,271,0.0008225095272064209
61,281,0.0008522467613220215
61,291,0.0008772315979003907
61,301,0.0008973166942596436
61,311,0.0009257998466491699
61,321,0.0009472055435180664
61,331,0.0009740598201751709
61,341,0.0010007469654083252
61,351,0.0010249903202056885
61,361,0.0010505580902099609
61,371,0.0010801162719726563
61,381,0.0011004188060760498
61,391,0.0011376588344573974
61,401,0.0011589417457580566
61,411,0.001228327989578247
61,421,0.0012243709564208984
61,431,0.0012355959415435791
61,441,0.001272303819656372
61,451,0.0012887718677520752
61,461,0.0013142173290252685
61,471,0.0013505961894989013
61,481,0.00137037992477417
61,491,0.0014029688835144043
61,501,0.0014406399726867676
61,511,0.00147835373878479
61,521,0.0014900729656219483
61,531,0.0015048105716705322
61,541,0.0015259215831756592
61,551,0.0015562214851379394
61,561,0.0015770602226257324
61,571,0.0016228303909301758
61,581,0.001624502420425415
61,591,0.0016565475463867188
61,601,0.001715121030807495
61,611,0.0017078325748443603
61,621,0.0017312374114990235
61,631,0.0017588133811950683
61,641,0.0017746059894561768
71,1,0.00014047384262084962
71,11,0.00016707611083984376
71,21,0.0002017078399658203
71,31,0.000238267183303833
71,41,0.00026316118240356446
71,51,0.00030182886123657226
71,61,0.0003421766757965088
71,71,0.00036959481239318847
71,81,0.00039307332038879397
71,91,0.00042805671691894533
71,101,0.0004525864124298096
71,111,0.000489194393157959
71,121,0.0005147926807403565
71,131,0.0005446956157684327
71,141,0.0005760390758514404
71,151,0.0006067435741424561
71,161,0.0006354818344116211
71,171,0.0006673665046691894
71,181,0.0006919155120849609
71,191,0.0007238898277282715
71,201,0.0007519035339355469
71,211,0.0007852530479431153
71,221,0.0008112649917602539
71,231,0.0008453357219696044
71,241,0.0008694109916687012
71,251,0.0009048805236816406
71,261,0.0009309546947479248
71,271,0.0009643416404724122
71,281,0.0009927198886871338
71,291,0.0010237221717834472
71,301,0.0010456669330596924
71,311,0.0010813004970550537
71,321,0.0011137518882751464
71,331,0.0011420865058898925
71,341,0.0011686792373657227
71,351,0.0012045328617095947
71,361,0.0012295048236846925
71,371,0.0012539210319519043
71,381,0.0012851016521453857
71,391,0.0013274846076965332
71,401,0.001357316255569458
71,411,0.001393930196762085
71,421,0.0014112720489501953
71,431,0.001447819948196411
71,441,0.0014751904010772705
71,451,0.0015006594657897949
71,461,0.0015301601886749268
71,471,0.0015646798610687257
71,481,0.0015923750400543212
71,491,0.0016204795837402343
71,501,0.0016512284278869629
71,511,0.0016815595626831054
71,521,0.0017014710903167725
71,531,0.0017334964275360107
71,541,0.0017678499221801757
71,551,0.0017986297607421875
71,561,0.0018236606121063233
71,571,0.0018578610420227051
71,581,0.0018859052658081056
71,591,0.0019168539047241212
71,601,0.0019446117877960204
71,611,0.001975313663482666
71,621,0.0020045111179351808
71,631,0.002036656618118286
71,641,0.002072129726409912
81,1,0.00015836071968078612
81,11,0.0001917111873626709
81,21,0.0002335937023162842
81,31,0.00027617645263671874
81,41,0.00030776476860046385
81,51,0.00035702943801879883
81,61,0.00040081095695495607
81,71,0.000435546875
81,81,0.00044606661796569826
81,91,0.00048507261276245115
81,101,0.000514472484588623
81,111,0.0005529668331146241
81,121,0.0005850763320922851
81,131,0.0006215023994445801
81,141,0.0006516058444976806
81,151,0.0006860756874084473
81,161,0.0007189178466796875
81,171,0.0007528600692749024
81,181,0.0007845766544342041
81,191,0.000822890043258667
81,201,0.0008539142608642578
81,211,0.0008914415836334228
81,221,0.0009194169044494629
81,231,0.0009555621147155762
81,241,0.0009855706691741944
81,251,0.0010263075828552245
81,261,0.0010557682514190673
81,271,0.0010962743759155274
81,281,0.0011265082359313964
81,291,0.001162348747253418
81,301,0.0011939566135406494
81,311,0.0012260723114013673
81,321,0.0012543039321899414
81,331,0.001295517921447754
81,341,0.0013312177658081055
81,351,0.0013647804260253906
81,361,0.0013951303958892821
81,371,0.0014332427978515625
81,381,0.0014587416648864746
81,391,0.0015126993656158446
81,401,0.001541438579559326
81,411,0.0015759468078613281
81,421,0.0016076996326446532
81,431,0.0016404848098754883
81,441,0.0016724786758422852
81,451,0.001708559513092041
81,461,0.0017388310432434081
81,471,0.0017733590602874755
81,481,0.001809316396713257
81,491,0.0018396389484405518
81,501,0.0018723964691162109
81,511,0.00190523362159729
81,521,0.0019438509941101074
81,531,0.001982300519943237
81,541,0.002015228748321533
81,551,0.0020581698417663575
81,561,0.0020831835269927977
81,571,0.002116600751876831
81,581,0.002141514539718628
81,591,0.0021778764724731444
81,601,0.0022174215316772463
81,611,0.0022574830055236816
81,621,0.0022853755950927733
81,631,0.0023049294948577883
81,641,0.0023666632175445555
91,1,0.00017422795295715332
91,11,0.00021015834808349608
91,21,0.0002556583881378174
91,31,0.00030483388900756837
91,41,0.0003376610279083252
91,51,0.0003879964351654053
91,61,0.0004410674571990967
91,71,0.00047962546348571776
91,81,0.0004974098205566406
91,91,0.0005359201431274414
91,101,0.000572246789932251
91,111,0.0006152174472808838
91,121,0.00064949631690979
91,131,0.0006895580291748047
91,141,0.0007236359119415283
91,151,0.000768822193145752
91,161,0.0007980351448059083
91,171,0.0008399665355682373
91,181,0.0008741536140441894
91,191,0.0009182202816009522
91,201,0.0009478447437286377
91,211,0.0010023183822631837
91,221,0.001036440372467041
91,231,0.001075408935546875
91,241,0.0011108417510986327
91,251,0.001151704788208008
91,261,0.0011836409568786622
91,271,0.0012715866565704346
91,281,0.0012651715278625489
91,291,0.001292766571044922
91,301,0.0013298101425170898
91,311,0.0013671491146087645
91,321,0.0014002854824066162
91,331,0.0014393715858459473
91,341,0.0014808788299560548
91,351,0.0015140652656555175
91,361,0.0015512368679046632
91,371,0.0015951447486877441
91,381,0.001630944013595581
91,391,0.0016837754249572753
91,401,0.0017150578498840332
91,411,0.001759315013885498
91,421,0.0017901003360748292
91,431,0.0018317439556121825
91,441,0.0018639633655548097
91,451,0.0019030508995056153
91,461,0.0019457645416259765
91,471,0.001984018325805664
91,481,0.0020144054889678956
91,491,0.002071915626525879
91,501,0.0021086578369140627
91,511,0.002155052661895752
91,521,0.0021780343055725097
91,531,0.0022156083583831786
91,541,0.002257101774215698
91,551,0.0023046081066131594
91,561,0.0023404579162597658
91,571,0.002378979206085205
91,581,0.0024175953865051268
91,591,0.0024527695178985596
91,601,0.002484407901763916
91,611,0.0025269973278045656
91,621,0.002560675621032715
91,631,0.002603581666946411
91,641,0.0026378891468048097
101,1,0.00019522881507873536
101,11,0.00023496508598327636
101,21,0.0002886650562286377
101,31,0.0003363821506500244
101,41,0.0003770449161529541
101,51,0.00043401646614074705
101,61,0.000498603105545044
101,71,0.0005355985164642334
101,81,0.0005557065010070801
101,91,0.0005965597629547119
101,101,0.0006388025283813476
101,111,0.0006807723045349121
101,121,0.0007214367389678956
101,131,0.0007682442665100098
101,141,0.0008053603172302246
101,151,0.0008547036647796631
101,161,0.0008903651237487793
101,171,0.0009415194988250732
101,181,0.0009754886627197266
101,191,0.0010250983238220214
101,201,0.0010617763996124267
101,211,0.0011075360774993896
101,221,0.001145679235458374
101,231,0.0011897783279418946
101,241,0.0012338569164276124
101,251,0.0012672026157379151
101,261,0.0013184559345245362
101,271,0.0013526010513305665
101,281,0.0013991925716400147
101,291,0.0014400010108947753
101,301,0.001482966184616089
101,311,0.0015322325229644776
101,321,0.0015632216930389405
101,331,0.0016169610023498535
101,341,0.0016538166999816894
101,351,0.0016956081390380859
101,361,0.0017339484691619874
101,371,0.0017781002521514893
101,381,0.0018187642097473144
101,391,0.0018880128860473632
101,401,0.0019181263446807861
101,411,0.0019677889347076414
101,421,0.0020051488876342773
101,431,0.0020614168643951418
101,441,0.002086836576461792
101,451,0.002131993293762207
101,461,0.002166079044342041
101,471,0.002222463607788086
101,481,0.002258330821990967
101,491,0.0023001346588134765
101,501,0.002343374729156494
101,511,0.002391388654708862
101,521,0.002424245357513428
101,531,0.0024712109565734864
101,541,0.0025031490325927736
101,551,0.00255397367477417
101,561,0.002591639757156372
101,571,0.0026383476257324217
101,581,0.00267358660697937
101,591,0.0027202873229980468
101,601,0.002758402347564697
101,611,0.002805761814117432
101,621,0.0028457357883453368
101,631,0.002897616147994995
101,641,0.002938077211380005
111,1,0.00021036362648010253
111,11,0.000257641077041626
111,21,0.00031744694709777833
111,31,0.00037713050842285155
111,41,0.00042101597785949705
111,51,0.0004858255386352539
111,61,0.0005512692928314209
111,71,0.0006025817394256592
111,81,0.0006081345081329346
111,91,0.0006593415737152099
111,101,0.0007000191211700439
111,111,0.0007528204917907715
111,121,0.0007929959297180175
111,131,0.0008458092212677002
111,141,0.0008851859569549561
111,151,0.0009386513233184815
111,161,0.0009804482460021972
111,171,0.0010298829078674316
111,181,0.001072976589202881
111,191,0.0011240091323852538
111,201,0.0011669063568115234
111,211,0.0012145605087280273
111,221,0.0012621421813964844
111,231,0.0013012597560882568
111,241,0.001344717025756836
111,251,0.001395864725112915
111,261,0.0014423773288726807
111,271,0.001493734359741211
111,281,0.0015388011932373046
111,291,0.001587545871734619
111,301,0.0016289994716644288
111,311,0.0016802072525024414
111,321,0.0017261345386505127
111,331,0.001772099256515503
111,341,0.0018153936862945557
111,351,0.0018634064197540284
111,361,0.001916046142578125
111,371,0.0019607601165771483
111,381,0.001994875431060791
111,391,0.002074195384979248
111,401,0.0021229469776153564
111,411,0.0021582820415496826
111,421,0.002205407381057739
111,431,0.0022580058574676516
111,441,0.002297497034072876
111,451,0.00234387731552124
111,461,0.00238208794593811
111,471,0.0024393277168273924
111,481,0.002476015329360962
111,491,0.002520913124084473
111,501,0.002564327001571655
111,511,0.002626936674118042
111,521,0.0026693005561828614
111,531,0.0027135181427001952
111,541,0.00275817608833313
111,551,0.002815560340881348
111,561,0.0028533961772918702
111,571,0.0028908858299255373
111,581,0.0029475467205047606
111,591,0.0029891297817230223
111,601,0.0030460777282714843
111,611,0.003085894823074341
111,621,0.003123541593551636
111,631,0.0031812324523925782
111,641,0.003218885660171509
121,1,0.00022911357879638671
121,11,0.00027858495712280274
121,21,0.0003414578437805176
121,31,0.00040592122077941895
121,41,0.0004545292854309082
121,51,0.0005174484252929687
121,61,0.0005941793918609619
121,71,0.0006446266174316407
121,81,0.0006590292453765869
121,91,0.0007153151035308837
121,101,0.0007623505592346192
121,111,0.0008154399394989014
121,121,0.0008602519035339355
121,131,0.0009192049503326416
121,141,0.0009627935886383056
121,151,0.0010191550254821777
121,161,0.0010637431144714356
121,171,0.001117927312850952
121,181,0.001165219783782959
121,191,0.0012215011119842529
121,201,0.00127130389213562
121,211,0.0013383610248565675
121,221,0.0013662478923797607
121,231,0.001448103666305542
121,241,0.0014853887557983397
121,251,0.001536719560623169
121,261,0.001596362829208374
121,271,0.0016317782402038574
121,281,0.0016718368530273438
121,291,0.0017410268783569335
121,301,0.001776620864868164
121,311,0.0018290233612060546
121,321,0.001875349760055542
121,331,0.0019221317768096924
121,341,0.001973553657531738
121,351,0.0020358688831329345
121,361,0.0020621724128723146
121,371,0.0021163394451141357
121,381,0.0021986770629882813
121,391,0.0022676169872283937
121,401,0.002294889211654663
121,411,0.0023499066829681396
121,421,0.0023962275981903075
121,431,0.002461408615112305
121,441,0.002507714033126831
121,451,0.0025749852657318117
121,461,0.002663724422454834
121,471,0.002634894371032715
121,481,0.002686523675918579
121,491,0.002728172540664673
121,501,0.002779632568359375
121,511,0.002854764223098755
121,521,0.0028818700313568116
121,531,0.002937936305999756
121,541,0.0029921376705169677
121,551,0.0030349164009094236
121,561,0.0030715436935424803
121,571,0.003128357648849487
121,581,0.0031873576641082762
121,591,0.003253305673599243
121,601,0.003283581495285034
121,611,0.0033365464210510253
121,621,0.00338059663772583
121,631,0.0034255259037017823
121,641,0.0034759325981140138
131,1,0.00024353170394897462
131,11,0.00029841113090515136
131,21,0.0003645000457763672
131,31,0.0004344894886016846
131,41,0.0004887385368347168
131,51,0.0005616624355316162
131,61,0.0006393728256225586
131,71,0.0006935131549835205
131,81,0.0007110800743103027
131,91,0.0008011481761932373
131,101,0.0008200013637542725
131,111,0.0008771443367004395
131,121,0.0009273016452789307
131,131,0.00098783278465271
131,141,0.0010362331867218018
131,151,0.0010992774963378906
131,161,0.001158064365386963
131,171,0.0012169268131256104
131,181,0.0012554686069488525
131,191,0.0013144145011901856
131,201,0.00136714768409729
131,211,0.0014250597953796387
131,221,0.0014799377918243409
131,231,0.001533468246459961
131,241,0.0015792560577392578
131,251,0.0016407508850097656
131,261,0.0016922309398651122
131,271,0.0017563033103942872
131,281,0.0018090159893035889
131,291,0.0018708267211914062
131,301,0.0019236664772033691
131,311,0.0019777922630310057
131,321,0.0020212883949279783
131,331,0.0020715153217315675
131,341,0.002118377923965454
131,351,0.0021853117942810057
131,361,0.002233710050582886
131,371,0.0022922675609588624
131,381,0.002343831777572632
131,391,0.002425418376922607
131,401,0.0024711017608642577
131,411,0.002524540185928345
131,421,0.0025791335105895996
131,431,0.002637837886810303
131,441,0.0027030658721923827
131,451,0.002766751527786255
131,461,0.0028158330917358396
131,471,0.0028697974681854248
131,481,0.002918102741241455
131,491,0.002964168071746826
131,501,0.003013805866241455
131,511,0.0030868752002716064
131,521,0.003123497009277344
131,531,0.003190625190734863
131,541,0.003244268894195557
131,551,0.003293208360671997
131,561,0.003338047742843628
131,571,0.0033954775333404543
131,581,0.0034442636966705324
131,591,0.0035070579051971434
131,601,0.0035733616352081297
131,611,0.003629887104034424
131,621,0.0036654744148254394
131,631,0.0037255473136901854
131,641,0.003778674840927124
141,1,0.000263507604598999
141,11,0.00032169651985168454
141,21,0.0004036095142364502
141,31,0.0004797518253326416
141,41,0.0005364134311676025
141,51,0.0006163294315338134
141,61,0.0007109928131103515
141,71,0.000776294231414795
141,81,0.0007627749443054199
141,91,0.0008289744853973389
141,101,0.0008805844783782959
141,111,0.0009448451995849609
141,121,0.0009936268329620362
141,131,0.0010599999427795411
141,141,0.0011156501770019532
141,151,0.001177799940109253
141,161,0.001230189085006714
141,171,0.0013048996925354003
141,181,0.0013529670238494873
141,191,0.0014133505821228027
141,201,0.0014646635055541991
141,211,0.001533607006072998
141,221,0.0015827744007110595
141,231,0.0016423287391662599
141,241,0.0017020518779754638
141,251,0.0017677185535430909
141,261,0.0018175153732299806
141,271,0.0018771493434906006
141,281,0.0019311330318450928
141,291,0.001997450828552246
141,301,0.0020513756275177004
141,311,0.0021110644340515137
141,321,0.002161281108856201
141,331,0.002232492446899414
141,341,0.0022841956615448
141,351,0.0023466410636901855
141,361,0.0023931183815002442
141,371,0.0024637973308563235
141,381,0.0025225913524627684
141,391,0.0026090545654296874
141,401,0.002658029317855835
141,411,0.0027222151756286623
141,421,0.0027724575996398927
141,431,0.002837174654006958
141,441,0.0028843350410461426
141,451,0.002955264091491699
141,461,0.0030295307636260984
141,471,0.0030845968723297117
141,481,0.003142578125
141,491,0.0032081620693206786
141,501,0.00326161789894104
141,511,0.0033203532695770263
141,521,0.003353057622909546
141,531,0.003428609848022461
141,541,0.0034912145137786866
141,551,0.0035714523792266845
141,561,0.0036186490058898926
141,571,0.0036731610298156737
141,581,0.0037074060440063475
141,591,0.0037714803218841554
141,601,0.003843119144439697
141,611,0.0039019336700439455
141,621,0.003965074300765991
141,631,0.004022745609283447
141,641,0.004056341648101806
151,1,0.0002793302536010742
151,11,0.00034282493591308595
151,21,0.00042227554321289064
151,31,0.0005068240165710449
151,41,0.0005688292980194091
151,51,0.000655085563659668
151,61,0.0007435624599456787
151,71,0.0008084464073181152
151,81,0.0008165478706359863
151,91,0.000884950876235962
151,101,0.0009401521682739258
151,111,0.0010085554122924805
151,121,0.0010647308826446534
151,131,0.001134974718093872
151,141,0.0011958291530609132
151,151,0.0012639477252960206
151,161,0.0013311536312103271
151,171,0.0013881008625030518
151,181,0.0014464142322540283
151,191,0.0015152347087860106
151,201,0.0015721006393432618
151,211,0.001632476806640625
151,221,0.0016914775371551513
151,231,0.0017633769512176514
151,241,0.0018233370780944824
151,251,0.0018853492736816406
151,261,0.0019499425888061524
151,271,0.0020214955806732177
151,281,0.002071478843688965
151,291,0.0021414170265197756
151,301,0.0021960682868957518
151,311,0.002264646291732788
151,321,0.0023305182456970215
151,331,0.0023870162963867186
151,341,0.0024437248706817628
151,351,0.002517935514450073
151,361,0.0025725846290588377
151,371,0.0026370737552642823
151,381,0.0026949529647827147
151,391,0.0027923924922943115
151,401,0.002851185083389282
151,411,0.0029311981201171873
151,421,0.002965442419052124
151,431,0.0030480663776397705
151,441,0.0031028764247894285
151,451,0.003165070056915283
151,461,0.0032196979522705078
151,471,0.003293254852294922
151,481,0.0033628265857696535
151,491,0.003422750473022461
151,501,0.003472281217575073
151,511,0.0035523245334625245
151,521,0.003617377996444702
151,531,0.0036783037185668947
151,541,0.0037409403324127196
151,551,0.003808044672012329
151,561,0.003870849132537842
151,571,0.0039338617324829106
151,581,0.003997682809829712
151,591,0.00404547381401062
151,601,0.0041092407703399655
151,611,0.004172896385192871
151,621,0.004235775232315064
151,631,0.004309129476547241
151,641,0.004355345249176025
161,1,0.0002944607734680176
161,11,0.00036222434043884277
161,21,0.0004481866359710693
161,31,0.0005398938655853271
161,41,0.0006021010875701904
161,51,0.0006970243453979493
161,61,0.0007952334880828857
161,71,0.0008615453243255615
161,81,0.0008691654205322265
161,91,0.0009393560886383057
161,101,0.0010027973651885987
161,111,0.0010717356204986573
161,121,0.0011320202350616456
161,131,0.0012080800533294678
161,141,0.001264505624771118
161,151,0.0013405909538269042
161,161,0.001406393051147461
161,171,0.0014780614376068116
161,181,0.0015307106971740722
161,191,0.001607910394668579
161,201,0.0016783318519592286
161,211,0.0017421152591705323
161,221,0.0018021907806396484
161,231,0.0018798460960388183
161,241,0.0019417777061462402
161,251,0.0020133826732635497
161,261,0.002076326608657837
161,271,0.002142290115356445
161,281,0.002214674949645996
161,291,0.002283005475997925
161,301,0.0023461008071899415
161,311,0.002419442892074585
161,321,0.002468944787979126
161,331,0.0025470120906829832
161,341,0.002605352163314819
161,351,0.0026771702766418457
161,361,0.0027537617683410644
161,371,0.0028173820972442628
161,381,0.002877574920654297
161,391,0.002988926649093628
161,401,0.003029175519943237
161,411,0.003109046459197998
161,421,0.0031655938625335693
161,431,0.003242858648300171
161,441,0.0033091003894805907
161,451,0.0033673341274261474
161,461,0.0034377853870391846
161,471,0.0035139811038970947
161,481,0.0035648860931396485
161,491,0.0036463935375213624
161,501,0.0037118375301361086
161,511,0.0037970077991485596
161,521,0.003865443468093872
161,531,0.00393801474571228
161,541,0.004005823135375976
161,551,0.004058027744293213
161,561,0.004123345375061035
161,571,0.004188516139984131
161,581,0.0042641360759735104
161,591,0.004348685026168823
161,601,0.004407067775726318
161,611,0.004458971977233887
161,621,0.004527572393417358
161,631,0.004605451583862305
161,641,0.004661753654479981
171,1,0.00031520986557006836
171,11,0.0003826193809509277
171,21,0.0004771389961242676
171,31,0.0005695269107818603
171,41,0.0006362278461456299
171,51,0.0007306578159332276
171,61,0.000835554838180542
171,71,0.0009107556343078613
171,81,0.0009212284088134765
171,91,0.0010042424201965332
171,101,0.0010659260749816895
171,111,0.0011411886215209961
171,121,0.0012075631618499755
171,131,0.0012878401279449463
171,141,0.001351515769958496
171,151,0.0014293341636657715
171,161,0.0014923741817474364
171,171,0.001574350118637085
171,181,0.0016370749473571778
171,191,0.0017214035987854004
171,201,0.0017825100421905518
171,211,0.0018560819625854492
171,221,0.001922330617904663
171,231,0.0020012788772583007
171,241,0.002067969799041748
171,251,0.002146522045135498
171,261,0.0022104897499084473
171,271,0.002276329517364502
171,281,0.0023400497436523436
171,291,0.002431697130203247
171,301,0.002501399040222168
171,311,0.0025743350982666015
171,321,0.002640742540359497
171,331,0.0027236194610595703
171,341,0.002786372184753418
171,351,0.0028597052097320557
171,361,0.0029112160205841064
171,371,0.002995868921279907
171,381,0.003058361053466797
171,391,0.003164860248565674
171,401,0.003238133192062378
171,411,0.003322664022445679
171,421,0.0033918566703796385
171,431,0.003467301845550537
171,441,0.0035302367210388185
171,451,0.0036140692234039305
171,461,0.0036757562160491942
171,471,0.0037362046241760254
171,481,0.00380401349067688
171,491,0.0038948163986206054
171,501,0.003965326070785522
171,511,0.004045048952102661
171,521,0.004090686798095703
171,531,0.004205528736114502
171,541,0.004257826566696167
171,551,0.00431405782699585
171,561,0.004389138460159302
171,571,0.004460405826568603
171,581,0.004534318447113037
171,591,0.004602798700332642
171,601,0.004662098407745362
171,611,0.004744251728057861
171,621,0.004807653903961181
171,631,0.004904191493988037
171,641,0.004972592830657959
181,1,0.00033356308937072755
181,11,0.0004073340892791748
181,21,0.0004971303939819336
181,31,0.0005973968505859376
181,41,0.0006705338954925537
181,51,0.0007783744335174561
181,61,0.0008832395076751709
181,71,0.0009603652954101562
181,81,0.0009761033058166504
181,91,0.0010575673580169678
181,101,0.0011294174194335937
181,111,0.0012105653285980225
181,121,0.0012767119407653808
181,131,0.0013629143238067627
181,141,0.0014292492866516114
181,151,0.0015030453205108643
181,161,0.001576787233352661
181,171,0.0016582846641540528
181,181,0.0017264127731323243
181,191,0.0018129723072052002
181,201,0.0018718783855438232
181,211,0.0019620144367218017
181,221,0.002026529312133789
181,231,0.002105156660079956
181,241,0.00217832088470459
181,251,0.002272215366363525
181,261,0.0023272650241851806
181,271,0.0024090535640716552
181,281,0.002477834701538086
181,291,0.0025656027793884277
181,301,0.0026246631145477295
181,311,0.002710493803024292
181,321,0.002779125690460205
181,331,0.0028686654567718507
181,341,0.0029447915554046632
181,351,0.0030218594074249267
181,361,0.0030869226455688477
181,371,0.0031720170974731446
181,381,0.003250624418258667
181,391,0.003345862627029419
181,401,0.003430617570877075
181,411,0.0035173046588897706
181,421,0.003584038257598877
181,431,0.0036793837547302245
181,441,0.003726919174194336
181,451,0.003809924602508545
181,461,0.003872523307800293
181,471,0.003954386472702027
181,481,0.004031430006027222
181,491,0.004131282806396484
181,501,0.004206712245941162
181,511,0.00428270673751831
181,521,0.00434075379371643
181,531,0.004420109272003174
181,541,0.00448993468284607
181,551,0.004551775693893432
181,561,0.004634122133255005
181,571,0.004715774774551392
181,581,0.004785505294799805
181,591,0.004857587575912476
181,601,0.004945524215698242
181,611,0.00502011251449585
181,621,0.005079647779464722
181,631,0.005169970989227295
181,641,0.005257049083709717
191,1,0.00035123944282531737
191,11,0.000428983211517334
191,21,0.0005271353721618652
191,31,0.0006351501941680908
191,41,0.000712367057800293
191,51,0.0008246119022369384
191,61,0.0009402406215667725
191,71,0.0010179648399353028
191,81,0.0010265283584594727
191,91,0.0011129310131072997
191,101,0.0011901495456695557
191,111,0.0012816617488861084
191,121,0.001357818841934204
191,131,0.0014432215690612794
191,141,0.0015056874752044677
191,151,0.0015991098880767823
191,161,0.0016709549427032472
191,171,0.0017555432319641114
191,181,0.0018263087272644043
191,191,0.00191518235206604
191,201,0.001989983558654785
191,211,0.002079005479812622
191,221,0.002140885591506958
191,231,0.0022383615970611574
191,241,0.0023056118488311767
191,251,0.002402897834777832
191,261,0.0024646897315979003
191,271,0.0025512316226959228
191,281,0.002623844146728516
191,291,0.00269846510887146
191,301,0.0027773358821868896
191,311,0.00287702751159668
191,321,0.002944748878479004
191,331,0.0030253100395202636
191,341,0.003099705696105957
191,351,0.0031899104118347167
191,361,0.0032636077404022217
191,371,0.003346096754074097
191,381,0.0034077513217926026
191,391,0.003546875
191,401,0.0036115131378173827
191,411,0.003685602903366089
191,421,0.0037754435539245606
191,431,0.00386312198638916
191,441,0.003950246572494507
191,451,0.004026064872741699
191,461,0.004088289976119995
191,471,0.004206099510192871
191,481,0.00424614143371582
191,491,0.0043465948104858395
191,501,0.004418834924697876
191,511,0.004489218711853028
191,521,0.004598153591156006
191,531,0.004669204711914062
191,541,0.004729023218154907
191,551,0.004846763849258423
191,561,0.004912354469299316
191,571,0.004977546215057373
191,581,0.005066883563995361
191,591,0.0051522696018219
191,601,0.0052069520950317385
191,611,0.005300227642059326
191,621,0.00537785792350769
191,631,0.005467524290084839
191,641,0.005531417369842529
201,1,0.00036815953254699707
201,11,0.00045272088050842284
201,21,0.0005562579631805419
201,31,0.0006749494075775147
201,41,0.0007447648048400879
201,51,0.000861290693283081
201,61,0.0009843382835388183
201,71,0.0010714468955993653
201,81,0.0010834383964538575
201,91,0.0011786620616912843
201,101,0.0012532939910888672
201,111,0.0013557085990905761
201,121,0.0014229817390441894
201,131,0.0015090513229370117
201,141,0.0015878376960754394
201,151,0.0016785833835601806
201,161,0.0017635667324066163
201,171,0.0018538854122161865
201,181,0.001923450231552124
201,191,0.002014643430709839
201,201,0.002093897104263306
201,211,0.0021772527694702147
201,221,0.0022524375915527342
201,231,0.002353520393371582
201,241,0.0024318630695343017
201,251,0.002519057035446167
201,261,0.0026049211025238037
201,271,0.0026971521377563475
201,281,0.002757471561431885
201,291,0.002849863290786743
201,301,0.002929091215133667
201,311,0.003028480052947998
201,321,0.003112990617752075
201,331,0.0031944286823272707
201,341,0.0032632761001586915
201,351,0.003364386796951294
201,361,0.0034310603141784668
201,371,0.003529397964477539
201,381,0.003598461389541626
201,391,0.0037355377674102783
201,401,0.003833770513534546
201,411,0.0038946900367736815
201,421,0.003982925176620483
201,431,0.004102054357528686
201,441,0.004159932613372803
201,451,0.004234271049499512
201,461,0.004311599493026733
201,471,0.004403006315231323
201,481,0.004509559392929077
201,491,0.004575874328613281
201,501,0.004658704519271851
201,511,0.0047729980945587155
201,521,0.004837897300720215
201,531,0.004909229516983032
201,541,0.005000291585922241
201,551,0.005090878009796142
201,561,0.005183184862136841
201,571,0.005247179985046387
201,581,0.0053323495388031
201,591,0.005423380851745606
201,601,0.005500494241714477
201,611,0.005590010166168213
201,621,0.005670577526092529
201,631,0.005759698152542114
201,641,0.0058363997936248775
211,1,0.0003855621814727783
211,11,0.00047422218322753904
211,21,0.0005829994678497315
211,31,0.000697716474533081
211,41,0.0007837300300598145
211,51,0.0009043784141540527
211,61,0.0010400280952453614
211,71,0.0011268198490142823
211,81,0.0011315741539001465
211,91,0.0012320566177368164
211,101,0.0013134462833404542
211,111,0.0014049804210662842
211,121,0.0014840214252471924
211,131,0.0015928614139556884
211,141,0.0016667320728302002
211,151,0.001760967493057251
211,161,0.0018406805992126464
211,171,0.0019420413970947265
211,181,0.002021461486816406
211,191,0.0021146972179412844
211,201,0.0021945977210998534
211,211,0.002315100431442261
211,221,0.002388269662857056
211,231,0.002462936878204346
211,241,0.0025427191257476806
211,251,0.0026463234424591066
211,261,0.0027245652675628664
211,271,0.0028251075744628908
211,281,0.0029085803031921385
211,291,0.0030009512901306152
211,301,0.003112337589263916
211,311,0.0031841485500335694
211,321,0.0032534422874450682
211,331,0.0033586068153381348
211,341,0.0034323670864105224
211,351,0.0035209407806396486
211,361,0.00360649299621582
211,371,0.0037141573429107667
211,381,0.0038188605308532714
211,391,0.003910449266433716
211,401,0.003992576599121094
211,411,0.004099746704101562
211,421,0.004184202909469604
211,431,0.004268158435821534
211,441,0.004382868289947509
211,451,0.004472916841506958
211,461,0.004564632177352906
211,471,0.004629386425018311
211,481,0.004694483995437622
211,491,0.004807294845581055
211,501,0.0048788549900054936
211,511,0.004993188619613648
211,521,0.005061971664428711
211,531,0.005179460287094116
211,541,0.005271766424179077
211,551,0.005333885908126831
211,561,0.005396997451782227
211,571,0.005511258125305176
211,581,0.005585856676101684
211,591,0.005709424495697022
211,601,0.005783739805221557
211,611,0.0059209270477294925
211,621,0.006008276462554932
211,631,0.0060811231136322025
211,641,0.006113233089447022
221,1,0.00040167951583862307
221,11,0.0004929082393646241
221,21,0.0006089479923248291
221,31,0.000733860969543457
221,41,0.0008202755451202393
221,51,0.0009451777935028076
221,61,0.0010840771198272704
221,71,0.0011657917499542237
221,81,0.001184704065322876
221,91,0.001319955587387085
221,101,0.0013751294612884522
221,111,0.001476186752319336
221,121,0.0015615980625152588
221,131,0.0016649281978607178
221,141,0.0017557697296142578
221,151,0.001845165729522705
221,161,0.001925924777984619
221,171,0.0020627257823944093
221,181,0.0021165361404418947
221,191,0.0022216012477874756
221,201,0.002299407243728638
221,211,0.0024061968326568603
221,221,0.002502397775650024
221,231,0.0025910241603851318
221,241,0.002675786018371582
221,251,0.002778459310531616
221,261,0.0028535692691802977
221,271,0.00295359206199646
221,281,0.003037118673324585
221,291,0.0031373543739318848
221,301,0.0032409627437591554
221,311,0.003316599607467651
221,321,0.0034180989265441895
221,331,0.0035098354816436765
221,341,0.003598242998123169
221,351,0.003688485145568848
221,361,0.003773725748062134
221,371,0.0038967981338500976
221,381,0.003987331628799438
221,391,0.004120517730712891
221,401,0.0041972315311431885
221,411,0.00432257866859436
221,421,0.004376768112182617
221,431,0.004479583978652954
221,441,0.0045614829063415525
221,451,0.004697000503540039
221,461,0.004776995420455932
221,471,0.004858011484146118
221,481,0.004955546855926514
221,491,0.005034027099609375
221,501,0.005138853073120117
221,511,0.005217612028121948
221,521,0.005300118684768677
221,531,0.00545025086402893
221,541,0.005535954236984253
221,551,0.005591002941131592
221,561,0.005675415277481079
221,571,0.0057802598476409915
221,581,0.005860075950622558
221,591,0.005970163583755493
221,601,0.006047935724258423
221,611,0.006150010585784912
221,621,0.006236099004745484
221,631,0.006340050935745239
221,641,0.00642356276512146
231,1,0.0004192330837249756
231,11,0.0005169663429260254
231,21,0.0006399128437042236
231,31,0.0007638056278228759
231,41,0.0008533439636230469
231,51,0.0009790122509002685
231,61,0.0011246850490570068
231,71,0.0012190778255462646
231,81,0.0012474961280822753
231,91,0.0013579504489898682
231,101,0.001434358596801758
231,111,0.0015646398067474365
231,121,0.0016384658813476563
231,131,0.0017301039695739747
231,141,0.001817615509033203
231,151,0.0019302031993865968
231,161,0.002018597602844238
231,171,0.0021196537017822265
231,181,0.0022028839588165284
231,191,0.002325765132904053
231,201,0.0024119520187377928
231,211,0.0025058166980743406
231,221,0.002598625659942627
231,231,0.0027023870944976806
231,241,0.0027952070236206055
231,251,0.002886652946472168
231,261,0.0029796853065490723
231,271,0.0031055052280426028
231,281,0.0031869990825653077
231,291,0.003276636362075806
231,301,0.003374037981033325
231,311,0.003495795249938965
231,321,0.0035850837230682374
231,331,0.003697438955307007
231,341,0.003758469820022583
231,351,0.003881890535354614
231,361,0.0039702138900756835
231,371,0.004077426910400391
231,381,0.004147902250289917
231,391,0.004295747280120849
231,401,0.004416363716125488
231,411,0.004518501281738281
231,421,0.00457966685295105
231,431,0.004716637372970581
231,441,0.0047729678153991695
231,451,0.004904177904129029
231,461,0.004977877378463745
231,471,0.005085252761840821
231,481,0.005195978879928589
231,491,0.0052776851654052735
231,501,0.005361799716949463
231,511,0.005498464107513428
231,521,0.005549930095672608
231,531,0.005666230916976929
231,541,0.005744067192077637
231,551,0.005861983060836792
231,561,0.005985139369964599
231,571,0.006087472438812256
231,581,0.006140792369842529
231,591,0.006303534746170044
231,601,0.0063827943801879885
231,611,0.006486804485321045
231,621,0.006562107563018798
231,631,0.006612030744552612
231,641,0.006775107145309448
241,1,0.0004443342685699463
241,11,0.0005424249172210693
241,21,0.0006719818115234375
241,31,0.0008061075210571289
241,41,0.0009011976718902588
241,51,0.0010404188632965087
241,61,0.001179473876953125
241,71,0.0013020215034484862
241,81,0.0012915446758270264
241,91,0.001400033473968506
241,101,0.001491633176803589
241,111,0.0016301627159118653
241,121,0.001716743230819702
241,131,0.0018164184093475342
241,141,0.0018935844898223878
241,151,0.0020256173610687257
241,161,0.0021056830883026123
241,171,0.002208266019821167
241,181,0.0022998080253601072
241,191,0.0024189934730529787
241,201,0.002523867130279541
241,211,0.002613710641860962
241,221,0.0027127470970153807
241,231,0.0028411927223205564
241,241,0.0029386022090911864
241,251,0.00305013370513916
241,261,0.0031003639698028566
241,271,0.0031951158046722413
241,281,0.0033263297080993654
241,291,0.0034204869270324707
241,301,0.0035015878677368164
241,311,0.0036242711544036865
241,321,0.0037069287300109865
241,331,0.003809174299240112
241,341,0.003919769763946533
241,351,0.004010205745697022
241,361,0.004118515968322754
241,371,0.004240518569946289
241,381,0.004313013315200806
241,391,0.004459633350372315
241,401,0.004552817583084107
241,411,0.004661648988723755
241,421,0.0047764980792999265
241,431,0.00485054612159729
241,441,0.004977998971939087
241,451,0.00505694317817688
241,461,0.005141311883926391
241,471,0.005295200347900391
241,481,0.005394254684448242
241,491,0.005490432500839234
241,501,0.005607416152954101
241,511,0.005670969486236572
241,521,0.005812840223312378
241,531,0.005904204368591308
241,541,0.005988502264022827
241,551,0.0061317081451416015
241,561,0.006192138195037842
241,571,0.006296608924865723
241,581,0.006368891716003418
241,591,0.006478801965713501
241,601,0.006636592149734497
241,611,0.006702105045318604
241,621,0.006814371824264526
241,631,0.006898110866546631
241,641,0.006993672847747803
251,1,0.0004562880992889404
251,11,0.0005592150688171387
251,21,0.0006951143741607666
251,31,0.0008335421085357666
251,41,0.0009333462715148925
251,51,0.0010763895511627197
251,61,0.0012894670963287354
251,71,0.0013486878871917724
251,81,0.0013421058654785156
251,91,0.001472754955291748
251,101,0.0015510122776031495
251,111,0.0016713509559631349
251,121,0.0017535114288330079
251,131,0.0018779723644256592
251,141,0.001970792770385742
251,151,0.0020791571140289307
251,161,0.0021731188297271727
251,171,0.002310162305831909
251,181,0.0023975872993469236
251,191,0.0024886605739593507
251,201,0.0025898842811584474
251,211,0.002713061809539795
251,221,0.0027993574142456054
251,231,0.0029142138957977295
251,241,0.0030381367206573488
251,251,0.003141774654388428
251,261,0.0032291221618652344
251,271,0.0033227961063385008
251,281,0.003422272443771362
251,291,0.003539787769317627
251,301,0.0036278524398803713
251,311,0.003752734899520874
251,321,0.0038610944747924803
251,331,0.003972153902053833
251,341,0.004087125539779663
251,351,0.004198253631591797
251,361,0.00427150297164917
251,371,0.0043828895092010494
251,381,0.004477295637130737
251,391,0.004656590938568115
251,401,0.004731796264648438
251,411,0.0049035496711730955
251,421,0.004986816167831421
251,431,0.00509909439086914
251,441,0.005155889749526977
251,451,0.005272222995758057
251,461,0.0053666250705719
251,471,0.005474634170532226
251,481,0.005547086000442505
251,491,0.005723280668258667
251,501,0.005773697376251221
251,511,0.0058749680519104
251,521,0.005974342107772827
251,531,0.006114359140396118
251,541,0.006211872577667236
251,551,0.006391827344894409
251,561,0.006693428754806519
251,571,0.006750638484954834
251,581,0.0068444545269012455
251,591,0.006814942359924316
251,601,0.007016975641250611
251,611,0.007120482444763184
251,621,0.007195611000061036
251,631,0.007353384733200073
251,641,0.007377174139022827
261,1,0.0004737057685852051
261,11,0.0005834369659423828
261,21,0.0007239654064178467
261,31,0.0008602454662322998
261,41,0.0009706745147705078
261,51,0.0011544342041015624
261,61,0.0013035590648651123
261,71,0.001403959274291992
261,81,0.0014014809131622315
261,91,0.0015418682098388673
261,101,0.0016183176040649415
261,111,0.0017396762371063232
261,121,0.0018393354415893555
261,131,0.0019744789600372316
261,141,0.00208121919631958
261,151,0.0021772775650024416
261,161,0.0022807159423828124
261,171,0.0024316527843475343
261,181,0.0025836870670318604
261,191,0.0026488213539123534
261,201,0.002736283540725708
261,211,0.0028385422229766847
261,221,0.002935136079788208
261,231,0.0030409889221191407
261,241,0.0031466515064239504
261,251,0.003288862705230713
261,261,0.003370940923690796
261,271,0.00348591685295105
261,281,0.003598853588104248
261,291,0.003722353458404541
261,301,0.003940473318099976
261,311,0.004115550994873047
261,321,0.004210038423538208
261,331,0.0042276451587677
261,341,0.004355860233306885
261,351,0.004445518732070923
261,361,0.004519423246383667
261,371,0.004681207895278931
261,381,0.004955218553543091
261,391,0.005089942932128906
261,401,0.005024041414260864
261,411,0.005185836076736451
261,421,0.005184779167175293
261,431,0.005420185565948486
261,441,0.005378734111785888
261,451,0.005435768127441406
261,461,0.005580495834350586
261,471,0.005769662380218506
261,481,0.005724857330322266
261,491,0.005877778053283691
261,501,0.005983171463012696
261,511,0.006084730148315429
261,521,0.0061951162815094
261,531,0.00629556393623352
261,541,0.006399468898773193
261,551,0.006604645729064941
261,561,0.006636535882949829
261,571,0.006734082937240601
261,581,0.00682508659362793
261,591,0.006952653408050537
261,601,0.007113501787185669
261,611,0.007437283515930176
261,621,0.007297334909439087
261,631,0.007485831260681152
261,641,0.007505311965942383
271,1,0.00048315882682800295
271,11,0.0006299405097961425
271,21,0.0007140953540802002
271,31,0.0008555259704589843
271,41,0.000953460693359375
271,51,0.0010806872844696044
271,61,0.0012445859909057616
271,71,0.0013520989418029784
271,81,0.0014193246364593505
271,91,0.0016090669631958008
271,101,0.0016847836971282959
271,111,0.001808405876159668
271,121,0.0019088861942291259
271,131,0.002008606195449829
271,141,0.0020895471572875976
271,151,0.0022403998374938964
271,161,0.002309420347213745
271,171,0.0024304635524749754
271,181,0.0025442662239074706
271,191,0.0026601529121398925
271,201,0.0027928597927093504
271,211,0.0028835690021514894
271,221,0.002985274314880371
271,231,0.0031401445865631102
271,241,0.003218968391418457
271,251,0.003331317901611328
271,261,0.0034407424926757814
271,271,0.0035487492084503173
271,281,0.0037003564834594727
271,291,0.0037700445652008056
271,301,0.003872845411300659
271,311,0.004028063058853149
271,321,0.004132890939712524
271,331,0.004263446569442749
271,341,0.0043584959506988525
271,351,0.004477275371551514
271,361,0.004675918340682984
271,371,0.004683496713638305
271,381,0.0047661616802215576
271,391,0.0049699082374572755
271,401,0.005065504550933838
271,411,0.005179673194885254
271,421,0.00529079270362854
271,431,0.005412277221679688
271,441,0.005558429956436157
271,451,0.005621777772903442
271,461,0.005748743295669555
271,471,0.005917505979537964
271,481,0.006020684480667114
271,491,0.00613792634010315
271,501,0.0062295770645141605
271,511,0.006381203174591064
271,521,0.006490331172943115
271,531,0.006574911594390869
271,541,0.0067510857582092285
271,551,0.006844044923782349
271,561,0.0069141130447387695
271,571,0.006997347116470337
271,581,0.007108489274978638
271,591,0.007228718280792236
271,601,0.007344972133636474
271,611,0.007450299024581909
271,621,0.007569590568542481
271,631,0.007680344581604004
271,641,0.0078046987056732174
281,1,0.0004947943687438965
281,11,0.0006008720397949218
281,21,0.000741363525390625
281,31,0.0008918993473052978
281,41,0.0009966285228729247
281,51,0.0011349720954895019
281,61,0.001289686441421509
281,71,0.0013929915428161621
281,81,0.0015190970897674561
281,91,0.001599414825439453
281,101,0.0017059361934661866
281,111,0.0018600962162017823
281,121,0.001955082178115845
281,131,0.0020699687004089354
281,141,0.002174257040023804
281,151,0.0022951021194458007
281,161,0.002424543380737305
281,171,0.0025449860095977783
281,181,0.0026305263042449953
281,191,0.0027811026573181154
281,201,0.002870741605758667
281,211,0.0029949007034301756
281,221,0.0030990734100341797
281,231,0.0032263665199279783
281,241,0.0033583366870880127
281,251,0.0034524261951446532
281,261,0.0035622754096984862
281,271,0.003698815107345581
281,281,0.0037940268516540527
281,291,0.003936808586120605
281,301,0.0040367932319641114
281,311,0.004164700269699097
281,321,0.004324125289916992
281,331,0.004412809133529663
281,341,0.004517375230789184
281,351,0.004671003580093384
281,361,0.004760174036026001
281,371,0.004860945701599121
281,381,0.004967473268508911
281,391,0.005157437562942505
281,401,0.005295237064361572
281,411,0.005386627435684204
281,421,0.005525867223739624
281,431,0.005674144029617309
281,441,0.005748292684555054
281,451,0.0058615882396698
281,461,0.005968227863311768
281,471,0.006103646039962768
281,481,0.006251016139984131
281,491,0.00638339376449585
281,501,0.00646796989440918
281,511,0.006558145999908447
281,521,0.006654580593109131
281,531,0.006812720537185669
281,541,0.006901368379592896
281,551,0.007035672664642334
281,561,0.007153255939483643
281,571,0.00728016185760498
281,581,0.007388521909713745
281,591,0.007507567405700684
281,601,0.007607426166534424
281,611,0.007755994081497192
281,621,0.007853579998016358
281,631,0.007985833644866944
281,641,0.008099944353103638
291,1,0.0005137069225311279
291,11,0.0006229045391082763
291,21,0.0007682421207427978
291,31,0.0009251794815063476
291,41,0.0010273082256317138
291,51,0.0011926140785217284
291,61,0.0013416082859039307
291,71,0.0014497079849243163
291,81,0.0015278997421264648
291,91,0.0016671278476715087
291,101,0.00180259108543396
291,111,0.0018932323455810548
291,121,0.002004689693450928
291,131,0.00215655779838562
291,141,0.002291067600250244
291,151,0.002397381067276001
291,161,0.002484086275100708
291,171,0.002623793363571167
291,181,0.0027400171756744385
291,191,0.0028621959686279297
291,201,0.0029978950023651124
291,211,0.0031220319271087647
291,221,0.003241771936416626
291,231,0.003341930627822876
291,241,0.0034559609889984132
291,251,0.0035906243324279785
291,261,0.0037091197967529296
291,271,0.003810849189758301
291,281,0.003936482191085815
291,291,0.004101555585861206
291,301,0.004216881036758423
291,311,0.00430255651473999
291,321,0.004415596485137939
291,331,0.004561362743377685
291,341,0.004670165061950684
291,351,0.004820356845855713
291,361,0.0049056742191314695
291,371,0.005097187042236328
291,381,0.005185188055038452
291,391,0.0053187570571899415
291,401,0.005437810420989991
291,411,0.005582378625869751
291,421,0.005723328590393067
291,431,0.005816889762878418
291,441,0.005928019762039185
291,451,0.006119148254394531
291,461,0.006238862752914429
291,471,0.006345365762710571
291,481,0.006478188753128051
291,491,0.006611962080001831
291,501,0.0066822352409362795
291,511,0.006811985731124878
291,521,0.006930771589279175
291,531,0.007087921380996704
291,541,0.007240542411804199
291,551,0.007288968086242676
291,561,0.007403386354446411
291,571,0.007563462495803833
291,581,0.007644696235656738
291,591,0.007800410985946655
291,601,0.00789247441291809
291,611,0.00802024269104004
291,621,0.008125262260437012
291,631,0.008276447296142578
291,641,0.008387297868728638
301,1,0.0005302941799163819
301,11,0.0006444692611694336
301,21,0.0008010337352752686
301,31,0.0009513304233551025
301,41,0.0010577175617218018
301,51,0.0012347736358642577
301,61,0.0013879303932189942
301,71,0.0015021677017211914
301,81,0.001576174259185791
301,91,0.0017290635108947754
301,101,0.001861922025680542
301,111,0.001963972806930542
301,121,0.0020767030715942384
301,131,0.0022574114799499513
301,141,0.0023612759113311767
301,151,0.00247236704826355
301,161,0.0025741260051727294
301,171,0.002722395420074463
301,181,0.002830341339111328
301,191,0.0029665915966033936
301,201,0.0030805792808532716
301,211,0.0032636723518371584
301,221,0.0033297388553619385
301,231,0.0034788815975189207
301,241,0.0035769205093383787
301,251,0.003706383228302002
301,261,0.0038267087936401365
301,271,0.003952851295471191
301,281,0.004078733682632446
301,291,0.004239844083786011
301,301,0.004362054586410522
301,311,0.004463604211807251
301,321,0.00459555196762085
301,331,0.004712324619293213
301,341,0.004839275360107422
301,351,0.004962102651596069
301,361,0.005075767993927002
301,371,0.005265501737594605
301,381,0.005381396293640137
301,391,0.005576467275619507
301,401,0.005686640739440918
301,411,0.005793983936309814
301,421,0.0059209144115448
301,431,0.006039024829864502
301,441,0.006126976013183594
301,451,0.006331707715988159
301,461,0.006461119890213013
301,471,0.006585079669952393
301,481,0.006692078828811646
301,491,0.006785410165786743
301,501,0.0069690258502960204
301,511,0.007050628423690796
301,521,0.007150113582611084
301,531,0.007365053415298462
301,541,0.007485899448394775
301,551,0.007602776288986206
301,561,0.007687288761138916
301,571,0.007820945978164674
301,581,0.007930961847305297
301,591,0.008068520069122315
301,601,0.008206793069839478
301,611,0.008321287870407104
301,621,0.008442025661468506
301,631,0.008590931177139282
301,641,0.00871728253364563
311,1,0.0005488002300262451
311,11,0.0006633968353271484
311,21,0.000822772741317749
311,31,0.0009848189353942871
311,41,0.0011432762145996093
311,51,0.00125978946685791
311,61,0.0014312899112701417
311,71,0.0015563597679138183
311,81,0.0016765010356903076
311,91,0.0017686352729797364
311,101,0.001892733097076416
311,111,0.002070808172225952
311,121,0.002148474931716919
311,131,0.002294121026992798
311,141,0.0024062225818634033
311,151,0.0025629520416259764
311,161,0.0026845571994781495
311,171,0.0028056988716125488
311,181,0.0029183337688446047
311,191,0.0031165387630462645
311,201,0.003230738162994385
311,211,0.0033326616287231445
311,221,0.0034508471488952637
311,231,0.0035742802619934083
311,241,0.003759014844894409
311,251,0.0038292996883392333
311,261,0.00394903039932251
311,271,0.004100282430648803
311,281,0.004287822008132935
311,291,0.004396961450576782
311,301,0.004487276554107666
311,311,0.004645395040512085
311,321,0.004784830331802368
311,331,0.004883183002471924
311,341,0.00498235821723938
311,351,0.0051935892105102535
311,361,0.005248583316802978
311,371,0.005386057138442993
311,381,0.00550256085395813
311,391,0.005721148490905762
311,401,0.005870532989501953
311,411,0.0059719023704528805
311,421,0.006122945547103882
311,431,0.006279959678649903
311,441,0.006402586221694946
311,451,0.0065572035312652585
311,461,0.006597442865371704
311,471,0.006775660276412964
311,481,0.00694164776802063
311,491,0.0070304136276245115
311,501,0.007178210496902466
311,511,0.007353735208511352
311,521,0.007421287775039673
311,531,0.007545777797698975
311,541,0.007672562837600708
311,551,0.007815402746200562
311,561,0.007940855264663696
311,571,0.00806837296485901
311,581,0.008195598602294922
311,591,0.00834254240989685
311,601,0.008457873821258545
311,611,0.008603899478912354
311,621,0.00871939730644226
311,631,0.008857479810714722
311,641,0.00897174334526062
321,1,0.0005675127506256103
321,11,0.0006862611770629883
321,21,0.0008450739383697509
321,31,0.0010175163745880127
321,41,0.0011484694480895995
321,51,0.001303164005279541
321,61,0.0014748849868774414
321,71,0.0016061229705810547
321,81,0.0016943233013153075
321,91,0.001823180913925171
321,101,0.0019486150741577148
321,111,0.002098156213760376
321,121,0.002265897274017334
321,131,0.002377981662750244
321,141,0.002484064817428589
321,151,0.002674998044967651
321,161,0.002759455919265747
321,171,0.00289849853515625
321,181,0.003015795946121216
321,191,0.0031661500930786133
321,201,0.00332578182220459
321,211,0.0034385881423950196
321,221,0.003560288906097412
321,231,0.003738487243652344
321,241,0.003840058088302612
321,251,0.003964886426925659
321,261,0.004075977325439453
321,271,0.004241469144821167
321,281,0.004377854347229004
321,291,0.00450715684890747
321,301,0.0046449568271636965
321,311,0.00482681155204773
321,321,0.00491069746017456
321,331,0.0050452034473419186
321,341,0.005208668231964112
321,351,0.005309063196182251
321,361,0.005482655525207519
321,371,0.005632208824157715
321,381,0.005697131633758545
321,391,0.005945335388183594
321,401,0.006017775535583496
321,411,0.006186522960662842
321,421,0.006352854490280151
321,431,0.006447024345397949
321,441,0.006623424768447876
321,451,0.006704993963241577
321,461,0.0068540675640106205
321,471,0.00703934645652771
321,481,0.00713115930557251
321,491,0.00727925705909729
321,501,0.007401610612869263
321,511,0.007512722969055176
321,521,0.007725523233413696
321,531,0.007857769489288331
321,541,0.007973557472229003
321,551,0.00812523627281189
321,561,0.008262335777282715
321,571,0.008392044782638549
321,581,0.00846032428741455
321,591,0.00864654016494751
321,601,0.0088232581615448
321,611,0.008924171209335327
321,621,0.00903100323677063
321,631,0.00917802619934082
321,641,0.00930202579498291
