1,1,1.4042854309082031e-05
1,11,1.4037609100341797e-05
1,21,1.4701366424560547e-05
1,31,1.448988914489746e-05
1,41,1.4677762985229493e-05
1,51,1.5113115310668946e-05
1,61,1.5076398849487305e-05
1,71,1.5371322631835936e-05
1,81,1.5220403671264648e-05
1,91,1.5308856964111327e-05
1,101,1.56095027923584e-05
1,111,1.575517654418945e-05
1,121,1.5877962112426756e-05
1,131,1.639080047607422e-05
1,141,1.662755012512207e-05
1,151,1.6782522201538087e-05
1,161,1.6642808914184572e-05
1,171,1.6843318939208985e-05
1,181,1.6991615295410156e-05
1,191,1.7371416091918946e-05
1,201,1.7461299896240234e-05
1,211,1.770949363708496e-05
1,221,1.7743349075317384e-05
1,231,1.787281036376953e-05
1,241,1.812171936035156e-05
1,251,1.831674575805664e-05
1,261,1.8755197525024416e-05
1,271,1.8946409225463867e-05
1,281,1.925945281982422e-05
1,291,1.9002437591552734e-05
1,301,1.913881301879883e-05
1,311,1.934194564819336e-05
1,321,1.9575119018554687e-05
1,331,1.9615650177001953e-05
1,341,1.9636154174804687e-05
1,351,1.977705955505371e-05
1,361,1.9873857498168945e-05
1,371,2.0025014877319336e-05
1,381,2.032637596130371e-05
1,391,2.0209312438964843e-05
1,401,2.04775333404541e-05
1,411,2.0748615264892577e-05
1,421,2.081179618835449e-05
1,431,2.0874738693237306e-05
1,441,2.1032094955444337e-05
1,451,2.10568904876709e-05
1,461,2.120375633239746e-05
1,471,2.239179611206055e-05
1,481,2.2042036056518553e-05
1,491,2.179408073425293e-05
1,501,2.1747589111328124e-05
1,511,2.170872688293457e-05
1,521,2.213788032531738e-05
1,531,2.213120460510254e-05
1,541,2.2348642349243163e-05
1,551,2.2244930267333986e-05
1,561,2.262258529663086e-05
1,571,2.267932891845703e-05
1,581,2.2751569747924806e-05
1,591,2.2780895233154296e-05
1,601,2.3115873336791992e-05
1,611,2.301335334777832e-05
1,621,2.3117780685424803e-05
1,631,2.372312545776367e-05
1,641,2.3774147033691405e-05
11,1,1.5564203262329103e-05
11,11,1.6527414321899414e-05
11,21,1.7330169677734376e-05
11,31,1.7371416091918946e-05
11,41,1.7681121826171874e-05
11,51,1.7959356307983398e-05
11,61,1.810956001281738e-05
11,71,1.8225669860839844e-05
11,81,1.8427133560180664e-05
11,91,1.9043207168579103e-05
11,101,1.9025087356567382e-05
11,111,1.9362449645996095e-05
11,121,1.984882354736328e-05
11,131,2.0018577575683593e-05
11,141,2.0180225372314452e-05
11,151,2.0142078399658203e-05
11,161,2.0687103271484375e-05
11,171,2.1140098571777345e-05
11,181,2.151656150817871e-05
11,191,2.2339105606079102e-05
11,201,2.1826744079589844e-05
11,211,2.2814750671386717e-05
11,221,2.2189140319824218e-05
11,231,2.2588014602661133e-05
11,241,2.2203445434570313e-05
11,251,2.3240566253662108e-05
11,261,2.3380994796752928e-05
11,271,2.3905038833618164e-05
11,281,2.4011611938476563e-05
11,291,2.4347782135009766e-05
11,301,2.4072885513305663e-05
11,311,2.4360895156860353e-05
11,321,2.4671316146850586e-05
11,331,2.5181770324707032e-05
11,341,2.551412582397461e-05
11,351,2.554774284362793e-05
11,361,2.595400810241699e-05
11,371,2.6128292083740235e-05
11,381,2.657461166381836e-05
11,391,2.7091026306152344e-05
11,401,2.6751041412353515e-05
11,411,2.7299404144287108e-05
11,421,2.714395523071289e-05
11,431,2.714657783508301e-05
11,441,2.7404069900512696e-05
11,451,2.849578857421875e-05
11,461,2.8548479080200195e-05
11,471,2.8409481048583985e-05
11,481,2.8782844543457032e-05
11,491,2.883291244506836e-05
11,501,2.9690980911254883e-05
11,511,2.9600858688354492e-05
11,521,2.967047691345215e-05
11,531,2.9674291610717772e-05
11,541,3.0089855194091798e-05
11,551,2.9983043670654296e-05
11,561,3.077793121337891e-05
11,571,3.116035461425781e-05
11,581,3.0793666839599606e-05
11,591,3.1531333923339846e-05
11,601,3.0967950820922854e-05
11,611,3.1442880630493164e-05
11,621,3.213953971862793e-05
11,631,3.2148838043212894e-05
11,641,3.2498836517333985e-05
21,1,1.6449928283691405e-05
21,11,1.8133640289306642e-05
21,21,1.8677473068237304e-05
21,31,1.8950462341308592e-05
21,41,1.9414186477661133e-05
21,51,1.935100555419922e-05
21,61,1.961946487426758e-05
21,71,2.0106077194213868e-05
21,81,2.094554901123047e-05
21,91,2.1173715591430663e-05
21,101,2.1619558334350586e-05
21,111,2.1923542022705077e-05
21,121,2.2110462188720703e-05
21,131,2.2126197814941407e-05
21,141,2.2629499435424806e-05
21,151,2.2947549819946288e-05
21,161,2.446293830871582e-05
21,171,2.437138557434082e-05
21,181,2.4246931076049804e-05
21,191,2.4632930755615234e-05
21,201,2.52377986907959e-05
21,211,2.5094032287597655e-05
21,221,2.607607841491699e-05
21,231,2.6072502136230467e-05
21,241,2.659773826599121e-05
21,251,2.70235538482666e-05
21,261,2.7312278747558593e-05
21,271,2.783656120300293e-05
21,281,2.808332443237305e-05
21,291,2.838587760925293e-05
21,301,2.8533220291137697e-05
21,311,2.930736541748047e-05
21,321,2.981901168823242e-05
21,331,3.116679191589356e-05
21,341,2.9971837997436523e-05
21,351,3.0670881271362305e-05
21,361,3.0896663665771485e-05
21,371,3.1172513961791996e-05
21,381,3.200936317443848e-05
21,391,3.222227096557617e-05
21,401,3.246164321899414e-05
21,411,3.271698951721191e-05
21,421,3.30052375793457e-05
21,431,3.3421754837036136e-05
21,441,3.3913612365722656e-05
21,451,3.4102439880371094e-05
21,461,3.464913368225098e-05
21,471,3.4583330154418945e-05
21,481,3.484034538269043e-05
21,491,3.559327125549316e-05
21,501,3.587961196899414e-05
21,511,3.630876541137695e-05
21,521,3.643226623535156e-05
21,531,3.652429580688476e-05
21,541,3.698325157165527e-05
21,551,3.738880157470703e-05
21,561,3.8053989410400394e-05
21,571,3.831100463867187e-05
21,581,3.836250305175781e-05
21,591,3.891992568969726e-05
21,601,3.8944244384765624e-05
21,611,3.954601287841797e-05
21,621,4.003357887268067e-05
21,631,4.0348052978515625e-05
21,641,4.044532775878906e-05
31,1,1.7775535583496093e-05
31,11,1.907205581665039e-05
31,21,1.992535591125488e-05
31,31,2.039790153503418e-05
31,41,2.0807266235351564e-05
31,51,2.130770683288574e-05
31,61,2.168703079223633e-05
31,71,2.2172212600708008e-05
31,81,2.2825002670288086e-05
31,91,2.3851871490478516e-05
31,101,2.3367404937744142e-05
31,111,2.447390556335449e-05
31,121,2.4579524993896483e-05
31,131,2.5194168090820312e-05
31,141,2.5493621826171874e-05
31,151,2.5830745697021484e-05
31,161,2.6647090911865236e-05
31,171,2.7069091796875e-05
31,181,2.730560302734375e-05
31,191,2.7645349502563477e-05
31,201,2.8193950653076173e-05
31,211,2.8583526611328126e-05
31,221,2.9195785522460938e-05
31,231,2.9932737350463866e-05
31,241,2.9997825622558592e-05
31,251,3.0272960662841798e-05
31,261,3.170204162597656e-05
31,271,3.235888481140137e-05
31,281,3.224563598632812e-05
31,291,3.26995849609375e-05
31,301,3.29434871673584e-05
31,311,3.3843994140625e-05
31,321,3.444981575012207e-05
31,331,3.495645523071289e-05
31,341,3.4927606582641605e-05
31,351,3.560662269592285e-05
31,361,3.6150217056274414e-05
31,371,3.650355339050293e-05
31,381,3.708672523498535e-05
31,391,3.7175893783569334e-05
31,401,3.764629364013672e-05
31,411,3.8583993911743164e-05
31,421,3.9000988006591795e-05
31,431,3.886556625366211e-05
31,441,3.964996337890625e-05
31,451,3.9987802505493165e-05
31,461,4.0308475494384766e-05
31,471,4.149770736694336e-05
31,481,4.132723808288574e-05
31,491,4.210376739501953e-05
31,501,4.2462825775146485e-05
31,511,4.311323165893555e-05
31,521,4.3334007263183594e-05
31,531,4.359912872314453e-05
31,541,4.445147514343262e-05
31,551,4.450702667236328e-05
31,561,4.50439453125e-05
31,571,4.587984085083008e-05
31,581,4.643750190734863e-05
31,591,4.6431779861450194e-05
31,601,4.698467254638672e-05
31,611,4.7560691833496096e-05
31,621,4.810953140258789e-05
31,631,4.804110527038574e-05
31,641,4.891228675842285e-05
41,1,1.8616676330566407e-05
41,11,2.035951614379883e-05
41,21,2.11484432220459e-05
41,31,2.1631002426147462e-05
41,41,2.2450923919677734e-05
41,51,2.2985458374023438e-05
41,61,2.3161888122558593e-05
41,71,2.3563146591186524e-05
41,81,2.4414777755737306e-05
41,91,2.558779716491699e-05
41,101,2.5702953338623046e-05
41,111,2.6280641555786133e-05
41,121,2.698087692260742e-05
41,131,2.7618885040283203e-05
41,141,2.8029918670654297e-05
41,151,2.8829336166381835e-05
41,161,2.947998046875e-05
41,171,3.020954132080078e-05
41,181,3.0576705932617185e-05
41,191,3.1401872634887696e-05
41,201,3.238964080810547e-05
41,211,3.1729698181152345e-05
41,221,3.2823085784912106e-05
41,231,3.3218622207641603e-05
41,241,3.375864028930664e-05
41,251,3.476071357727051e-05
41,261,3.5703182220458984e-05
41,271,3.6219358444213865e-05
41,281,3.676629066467285e-05
41,291,3.682112693786621e-05
41,301,3.744912147521973e-05
41,311,3.847503662109375e-05
41,321,3.9629697799682616e-05
41,331,3.9693117141723636e-05
41,341,4.022693634033203e-05
41,351,4.0683507919311526e-05
41,361,4.121112823486328e-05
41,371,4.1409015655517575e-05
41,381,4.236316680908203e-05
41,391,4.2897939682006834e-05
41,401,4.365944862365723e-05
41,411,4.415559768676758e-05
41,421,4.471611976623535e-05
41,431,4.5082569122314454e-05
41,441,4.576683044433594e-05
41,451,4.641914367675781e-05
41,461,4.714488983154297e-05
41,471,4.79896068572998e-05
41,481,4.829835891723633e-05
41,491,4.8803091049194334e-05
41,501,4.9109697341918944e-05
41,511,5.0103187561035155e-05
41,521,5.071711540222168e-05
41,531,5.0768613815307616e-05
41,541,5.123376846313476e-05
41,551,5.161833763122558e-05
41,561,5.303144454956055e-05
41,571,5.27493953704834e-05
41,581,5.383467674255371e-05
41,591,5.410957336425781e-05
41,601,5.586504936218262e-05
41,611,5.574703216552734e-05
41,621,5.6201696395874024e-05
41,631,5.598163604736328e-05
41,641,5.693340301513672e-05
51,1,2.0011425018310546e-05
51,11,2.1678686141967775e-05
51,21,2.2287368774414063e-05
51,31,2.3143768310546876e-05
51,41,2.3566961288452147e-05
51,51,2.448129653930664e-05
51,61,2.5465965270996093e-05
51,71,2.609109878540039e-05
51,81,2.6491641998291017e-05
51,91,2.7587890625e-05
51,101,2.812480926513672e-05
51,111,2.9023170471191406e-05
51,121,2.9651641845703124e-05
51,131,2.9933214187622072e-05
51,141,3.0925512313842776e-05
51,151,3.1543731689453125e-05
51,161,3.220438957214355e-05
51,171,3.3193588256835935e-05
51,181,3.346514701843262e-05
51,191,3.403830528259277e-05
51,201,3.533077239990234e-05
51,211,3.5762786865234375e-05
51,221,3.686809539794922e-05
51,231,3.71851921081543e-05
51,241,3.7342071533203124e-05
51,251,3.8223743438720704e-05
51,261,3.9470911026000976e-05
51,271,4.067134857177734e-05
51,281,4.0989160537719725e-05
51,291,4.160356521606445e-05
51,301,4.1926860809326175e-05
51,311,4.2948722839355465e-05
51,321,4.3222427368164065e-05
51,331,4.428219795227051e-05
51,341,4.461383819580078e-05
51,351,4.5522451400756836e-05
51,361,4.573988914489746e-05
51,371,4.667019844055176e-05
51,381,4.7597885131835934e-05
51,391,4.78668212890625e-05
51,401,4.902219772338867e-05
51,411,5.029773712158203e-05
51,421,5.0362825393676757e-05
51,431,5.0364255905151366e-05
51,441,5.1624536514282226e-05
51,451,5.274319648742676e-05
51,461,5.357813835144043e-05
51,471,5.426025390625e-05
51,481,5.45496940612793e-05
51,491,5.576252937316894e-05
51,501,5.591297149658203e-05
51,511,5.6726694107055665e-05
51,521,5.751991271972656e-05
51,531,5.794620513916016e-05
51,541,5.8356046676635743e-05
51,551,5.94184398651123e-05
51,561,5.967974662780762e-05
51,571,6.120705604553223e-05
51,581,6.097126007080078e-05
51,591,6.155061721801757e-05
51,601,6.224346160888671e-05
51,611,6.231093406677246e-05
51,621,6.32791519165039e-05
51,631,6.402277946472168e-05
51,641,6.463909149169922e-05
61,1,2.0755290985107422e-05
61,11,2.255702018737793e-05
61,21,2.331233024597168e-05
61,31,2.399873733520508e-05
61,41,2.4904727935791015e-05
61,51,2.6075124740600587e-05
61,61,2.6702165603637695e-05
61,71,2.7686357498168945e-05
61,81,2.8629779815673827e-05
61,91,2.9794216156005858e-05
61,101,2.953648567199707e-05
61,111,3.078150749206543e-05
61,121,3.205370903015137e-05
61,131,3.262853622436524e-05
61,141,3.336453437805176e-05
61,151,3.40268611907959e-05
61,161,3.4904718399047854e-05
61,171,3.615498542785645e-05
61,181,3.669929504394531e-05
61,191,3.741002082824707e-05
61,201,3.862261772155762e-05
61,211,3.946256637573242e-05
61,221,4.061007499694824e-05
61,231,4.1317224502563476e-05
61,241,4.114174842834473e-05
61,251,4.237866401672363e-05
61,261,4.351663589477539e-05
61,271,4.452991485595703e-05
61,281,4.4954776763916016e-05
61,291,4.602789878845215e-05
61,301,4.6482563018798826e-05
61,311,4.7174453735351564e-05
61,321,4.820871353149414e-05
61,331,4.9453258514404296e-05
61,341,4.9379587173461914e-05
61,351,5.007553100585938e-05
61,361,5.1778316497802736e-05
61,371,5.154705047607422e-05
61,381,5.318951606750488e-05
61,391,5.315089225769043e-05
61,401,5.41074275970459e-05
61,411,5.492472648620606e-05
61,421,5.57258129119873e-05
61,431,5.610370635986328e-05
61,441,5.7357549667358396e-05
61,451,5.774474143981934e-05
61,461,5.8398008346557616e-05
61,471,6.041383743286133e-05
61,481,6.042623519897461e-05
61,491,6.152105331420899e-05
61,501,6.657958030700683e-05
61,511,6.318950653076172e-05
61,521,6.459450721740722e-05
61,531,6.506514549255372e-05
61,541,6.58416748046875e-05
61,551,6.661081314086915e-05
61,561,6.722354888916016e-05
61,571,6.847286224365235e-05
61,581,6.807231903076172e-05
61,591,6.839418411254882e-05
61,601,6.951665878295899e-05
61,611,7.061743736267089e-05
61,621,7.13205337524414e-05
61,631,7.220220565795899e-05
61,641,7.270622253417969e-05
71,1,2.1697282791137694e-05
71,11,2.370142936706543e-05
71,21,2.450442314147949e-05
71,31,2.5743722915649415e-05
71,41,2.652597427368164e-05
71,51,2.7716398239135743e-05
71,61,2.8595685958862303e-05
71,71,2.9161453247070312e-05
71,81,2.9952526092529296e-05
71,91,3.111886978149414e-05
71,101,3.146839141845703e-05
71,111,3.316497802734375e-05
71,121,3.386521339416504e-05
71,131,3.4571409225463864e-05
71,141,3.5709619522094723e-05
71,151,3.661513328552246e-05
71,161,3.754687309265137e-05
71,171,3.8507699966430665e-05
71,181,3.943467140197754e-05
71,191,3.98705005645752e-05
71,201,4.158782958984375e-05
71,211,4.224967956542969e-05
71,221,4.351663589477539e-05
71,231,4.460406303405762e-05
71,241,4.542636871337891e-05
71,251,4.60669994354248e-05
71,261,4.7276020050048826e-05
71,271,4.859685897827149e-05
71,281,4.9521684646606446e-05
71,291,5.014967918395996e-05
71,301,5.048084259033203e-05
71,311,5.1880359649658204e-05
71,321,5.2914142608642575e-05
71,331,5.406045913696289e-05
71,341,5.3548097610473635e-05
71,351,5.538153648376465e-05
71,361,5.5700063705444334e-05
71,371,5.644488334655762e-05
71,381,5.732536315917969e-05
71,391,5.870676040649414e-05
71,401,5.919194221496582e-05
71,411,6.0883283615112305e-05
71,421,6.123137474060058e-05
71,431,6.156682968139649e-05
71,441,6.263661384582519e-05
71,451,6.474781036376953e-05
71,461,6.705522537231445e-05
71,471,6.638789176940918e-05
71,481,6.703400611877441e-05
71,491,6.804299354553222e-05
71,501,6.896734237670898e-05
71,511,6.942129135131835e-05
71,521,7.102370262145996e-05
71,531,7.215595245361328e-05
71,541,7.272934913635253e-05
71,551,7.39130973815918e-05
71,561,7.412528991699219e-05
71,571,7.519721984863281e-05
71,581,7.545709609985352e-05
71,591,7.698941230773925e-05
71,601,7.707571983337402e-05
71,611,7.78505802154541e-05
71,621,7.934761047363281e-05
71,631,8.004474639892579e-05
71,641,8.15739631652832e-05
81,1,2.3186206817626953e-05
81,11,2.478337287902832e-05
81,21,2.584671974182129e-05
81,31,2.6934385299682618e-05
81,41,2.8465747833251954e-05
81,51,2.8939485549926758e-05
81,61,3.007388114929199e-05
81,71,3.082060813903808e-05
81,81,3.228616714477539e-05
81,91,3.325128555297852e-05
81,101,3.414249420166016e-05
81,111,3.5782575607299804e-05
81,121,3.648304939270019e-05
81,131,3.738069534301758e-05
81,141,3.925728797912598e-05
81,151,4.0240049362182616e-05
81,161,4.09548282623291e-05
81,171,4.2004823684692386e-05
81,181,4.2827606201171876e-05
81,191,4.315280914306641e-05
81,201,4.5240640640258786e-05
81,211,4.619765281677246e-05
81,221,4.7095060348510744e-05
81,231,4.8520803451538085e-05
81,241,4.914045333862305e-05
81,251,4.9973726272583005e-05
81,261,5.150818824768066e-05
81,271,5.184173583984375e-05
81,281,5.3354740142822266e-05
81,291,5.446672439575195e-05
81,301,5.530548095703125e-05
81,311,5.6556940078735355e-05
81,321,5.7973623275756834e-05
81,331,5.8209896087646486e-05
81,341,5.9389352798461916e-05
81,351,6.090283393859863e-05
81,361,6.180858612060548e-05
81,371,6.28345012664795e-05
81,381,6.375861167907715e-05
81,391,6.448006629943848e-05
81,401,6.624913215637208e-05
81,411,6.679439544677735e-05
81,421,6.792688369750977e-05
81,431,6.908273696899415e-05
81,441,7.034587860107422e-05
81,451,7.116532325744628e-05
81,461,7.218694686889648e-05
81,471,7.369565963745117e-05
81,481,7.416439056396484e-05
81,491,7.423448562622071e-05
81,501,7.634472846984864e-05
81,511,7.694983482360839e-05
81,521,7.828569412231445e-05
81,531,7.93454647064209e-05
81,541,7.965517044067383e-05
81,551,8.035182952880859e-05
81,561,8.27324390411377e-05
81,571,8.383345603942871e-05
81,581,8.389854431152344e-05
81,591,8.482789993286132e-05
81,601,8.660459518432617e-05
81,611,8.715963363647461e-05
81,621,8.892273902893066e-05
81,631,9.012937545776367e-05
81,641,9.081840515136719e-05
91,1,2.4122238159179688e-05
91,11,2.607083320617676e-05
91,21,2.7662038803100585e-05
91,31,2.8758525848388672e-05
91,41,3.0062437057495116e-05
91,51,3.099536895751953e-05
91,61,3.223562240600586e-05
91,71,3.301453590393067e-05
91,81,3.474235534667969e-05
91,91,3.533601760864258e-05
91,101,3.679919242858887e-05
91,111,3.809690475463867e-05
91,121,3.8999557495117186e-05
91,131,3.9488554000854494e-05
91,141,4.107809066772461e-05
91,151,4.194903373718262e-05
91,161,4.3606996536254885e-05
91,171,4.4970035552978514e-05
91,181,4.593372344970703e-05
91,191,4.704976081848145e-05
91,201,4.8697948455810545e-05
91,211,4.9607038497924806e-05
91,221,5.083918571472168e-05
91,231,5.240654945373535e-05
91,241,5.308938026428223e-05
91,251,5.367350578308105e-05
91,261,5.5533885955810544e-05
91,271,5.629253387451172e-05
91,281,5.8240652084350585e-05
91,291,5.871868133544922e-05
91,301,6.0446500778198244e-05
91,311,6.149768829345703e-05
91,321,6.224846839904785e-05
91,331,6.290268898010255e-05
91,341,6.453871726989746e-05
91,351,6.59325122833252e-05
91,361,6.705832481384277e-05
91,371,6.798028945922851e-05
91,381,6.897950172424317e-05
91,391,7.030963897705078e-05
91,401,7.156825065612792e-05
91,411,7.267332077026368e-05
91,421,7.349133491516113e-05
91,431,7.492804527282715e-05
91,441,7.568550109863281e-05
91,451,7.8322172164917e-05
91,461,7.847332954406739e-05
91,471,7.963848114013672e-05
91,481,8.032727241516113e-05
91,491,8.168983459472656e-05
91,501,8.304953575134277e-05
91,511,8.421635627746582e-05
91,521,8.556795120239258e-05
91,531,8.563971519470215e-05
91,541,8.748841285705566e-05
91,551,8.896350860595703e-05
91,561,8.987569808959961e-05
91,571,9.14933681488037e-05
91,581,9.184956550598145e-05
91,591,9.338927268981933e-05
91,601,9.347343444824218e-05
91,611,9.561324119567871e-05
91,621,9.735655784606934e-05
91,631,9.838986396789551e-05
91,641,9.884166717529297e-05
101,1,2.5484085083007814e-05
101,11,2.7630329132080078e-05
101,21,2.8748989105224608e-05
101,31,3.0081987380981446e-05
101,41,3.1393766403198245e-05
101,51,3.2840728759765625e-05
101,61,3.418374061584473e-05
101,71,3.541874885559082e-05
101,81,3.609704971313476e-05
101,91,3.793501853942871e-05
101,101,3.837418556213379e-05
101,111,4.042434692382812e-05
101,121,4.12440299987793e-05
101,131,4.299759864807129e-05
101,141,4.417777061462402e-05
101,151,4.5546531677246094e-05
101,161,4.674029350280762e-05
101,171,4.8640012741088866e-05
101,181,4.988694190979004e-05
101,191,5.0483226776123045e-05
101,201,5.203652381896973e-05
101,211,5.3478240966796875e-05
101,221,5.464768409729004e-05
101,231,5.608153343200684e-05
101,241,5.724620819091797e-05
101,251,5.873394012451172e-05
101,261,5.966377258300781e-05
101,271,6.070780754089356e-05
101,281,6.265020370483398e-05
101,291,6.384682655334473e-05
101,301,6.49423599243164e-05
101,311,6.573939323425293e-05
101,321,6.763863563537598e-05
101,331,6.79619312286377e-05
101,341,6.999516487121582e-05
101,351,7.054662704467774e-05
101,361,7.265138626098632e-05
101,371,7.360529899597168e-05
101,381,7.519841194152831e-05
101,391,7.64920711517334e-05
101,401,7.718825340270996e-05
101,411,7.897996902465821e-05
101,421,8.029699325561524e-05
101,431,8.12208652496338e-05
101,441,8.305501937866211e-05
101,451,8.496856689453125e-05
101,461,8.494400978088379e-05
101,471,8.682322502136231e-05
101,481,8.687019348144532e-05
101,491,8.837080001831055e-05
101,501,9.064936637878418e-05
101,511,9.198737144470214e-05
101,521,9.251952171325684e-05
101,531,9.405326843261719e-05
101,541,9.60688591003418e-05
101,551,9.697723388671875e-05
101,561,9.747052192687989e-05
101,571,9.933996200561523e-05
101,581,9.944486618041992e-05
101,591,0.0001015157699584961
101,601,0.00010230731964111328
101,611,0.00010388469696044922
101,621,0.00010574579238891601
101,631,0.00010539031028747558
101,641,0.00010731267929077148
111,1,2.6315689086914064e-05
111,11,2.8589487075805663e-05
111,21,3.0378341674804687e-05
111,31,3.153228759765625e-05
111,41,3.268003463745117e-05
111,51,3.395414352416992e-05
111,61,3.5408496856689456e-05
111,71,3.645563125610352e-05
111,81,3.8432836532592776e-05
111,91,3.976321220397949e-05
111,101,4.13510799407959e-05
111,111,4.2459964752197266e-05
111,121,4.440164566040039e-05
111,131,4.496383666992188e-05
111,141,4.64777946472168e-05
111,151,4.7904014587402345e-05
111,161,4.995203018188477e-05
111,171,5.16960620880127e-05
111,181,5.401372909545899e-05
111,191,5.4262161254882816e-05
111,201,5.51910400390625e-05
111,211,5.593729019165039e-05
111,221,5.8209896087646486e-05
111,231,5.990457534790039e-05
111,241,6.0464143753051755e-05
111,251,6.18126392364502e-05
111,261,6.443810462951661e-05
111,271,6.52611255645752e-05
111,281,6.681251525878907e-05
111,291,6.787991523742676e-05
111,301,6.917524337768555e-05
111,311,7.089924812316894e-05
111,321,7.17918872833252e-05
111,331,7.316231727600098e-05
111,341,7.471036911010742e-05
111,351,7.596063613891601e-05
111,361,7.778739929199219e-05
111,371,7.89487361907959e-05
111,381,8.086657524108886e-05
111,391,8.094120025634766e-05
111,401,8.257603645324707e-05
111,411,8.519530296325683e-05
111,421,8.591842651367187e-05
111,431,8.774471282958985e-05
111,441,8.935284614562989e-05
111,451,9.070277214050293e-05
111,461,9.113550186157227e-05
111,471,9.274554252624511e-05
111,481,9.39624309539795e-05
111,491,9.52305793762207e-05
111,501,9.683871269226074e-05
111,511,9.823870658874512e-05
111,521,0.00010093307495117187
111,531,0.00010169219970703125
111,541,0.0001016387939453125
111,551,0.0001032705307006836
111,561,0.00010525369644165039
111,571,0.00010642457008361817
111,581,0.00010790848731994629
111,591,0.00010803699493408203
111,601,0.00011081504821777343
111,611,0.00011030030250549316
111,621,0.00011302733421325684
111,631,0.00011476492881774902
111,641,0.00011632180213928223
121,1,2.7434825897216795e-05
121,11,2.9750108718872072e-05
121,21,3.1353950500488284e-05
121,31,3.281021118164063e-05
121,41,3.414344787597656e-05
121,51,3.5994529724121096e-05
121,61,3.682637214660645e-05
121,71,3.8801908493041996e-05
121,81,4.06494140625e-05
121,91,4.221391677856445e-05
121,101,4.6123027801513674e-05
121,111,4.53183650970459e-05
121,121,4.645967483520508e-05
121,131,4.755401611328125e-05
121,141,4.8736095428466794e-05
121,151,5.131602287292481e-05
121,161,5.2357673645019534e-05
121,171,5.4444313049316405e-05
121,181,5.561447143554688e-05
121,191,5.6746482849121094e-05
121,201,5.835437774658203e-05
121,211,5.9778213500976565e-05
121,221,6.16447925567627e-05
121,231,6.274795532226563e-05
121,241,6.439852714538575e-05
121,251,6.596875190734863e-05
121,261,6.78112506866455e-05
121,271,6.895112991333008e-05
121,281,7.046771049499511e-05
121,291,7.17473030090332e-05
121,301,7.333922386169434e-05
121,311,7.492184638977051e-05
121,321,7.624959945678711e-05
121,331,7.84299373626709e-05
121,341,7.897233963012695e-05
121,351,8.093070983886718e-05
121,361,8.185410499572755e-05
121,371,8.417415618896485e-05
121,381,8.495306968688965e-05
121,391,8.675503730773926e-05
121,401,8.833384513854981e-05
121,411,9.012031555175782e-05
121,421,9.102368354797363e-05
121,431,9.232187271118164e-05
121,441,9.323883056640625e-05
121,451,9.517502784729004e-05
121,461,9.694695472717285e-05
121,471,9.885764122009278e-05
121,481,9.949493408203125e-05
121,491,0.00010106849670410156
121,501,0.00010215306282043457
121,511,0.00010370445251464844
121,521,0.00010561394691467285
121,531,0.00010595607757568359
121,541,0.00010839438438415528
121,551,0.00011074733734130859
121,561,0.00011114192008972168
121,571,0.00011308789253234863
121,581,0.00011487674713134765
121,591,0.0001161823272705078
121,601,0.00011747288703918457
121,611,0.00011914873123168945
121,621,0.00011927342414855957
121,631,0.00012233924865722657
121,641,0.00012346673011779784
131,1,2.8640985488891603e-05
131,11,3.119015693664551e-05
131,21,3.290414810180664e-05
131,31,3.473591804504395e-05
131,41,3.6023855209350586e-05
131,51,3.727889060974121e-05
131,61,3.926682472229004e-05
131,71,4.086971282958984e-05
131,81,4.248595237731934e-05
131,91,4.440498352050781e-05
131,101,4.537177085876465e-05
131,111,4.691958427429199e-05
131,121,4.931545257568359e-05
131,131,5.111384391784668e-05
131,141,5.305194854736328e-05
131,151,5.364632606506347e-05
131,161,5.530953407287598e-05
131,171,5.750870704650879e-05
131,181,5.87308406829834e-05
131,191,5.987262725830078e-05
131,201,6.189560890197753e-05
131,211,6.354594230651856e-05
131,221,6.514716148376465e-05
131,231,6.6802978515625e-05
131,241,6.833863258361816e-05
131,251,6.944513320922852e-05
131,261,7.132554054260254e-05
131,271,7.306265830993652e-05
131,281,7.532572746276856e-05
131,291,7.59737491607666e-05
131,301,7.753610610961914e-05
131,311,7.881498336791992e-05
131,321,8.095502853393555e-05
131,331,8.29172134399414e-05
131,341,8.348417282104493e-05
131,351,8.396148681640626e-05
131,361,8.608770370483398e-05
131,371,8.82561206817627e-05
131,381,9.030699729919433e-05
131,391,9.201526641845703e-05
131,401,9.257841110229493e-05
131,411,9.52906608581543e-05
131,421,9.57963466644287e-05
131,431,9.851980209350585e-05
131,441,9.979534149169922e-05
131,451,0.0001011199951171875
131,461,0.00010297465324401855
131,471,0.00010600709915161132
131,481,0.00010601949691772461
131,491,0.00010769009590148926
131,501,0.00010964059829711914
131,511,0.00011068391799926758
131,521,0.00011166524887084961
131,531,0.00011309504508972168
131,541,0.0001156620979309082
131,551,0.00011706328392028809
131,561,0.00011949586868286133
131,571,0.0001209111213684082
131,581,0.00012212705612182619
131,591,0.00012193489074707032
131,601,0.00012510251998901366
131,611,0.00012638330459594727
131,621,0.00012801694869995117
131,631,0.00013085556030273436
131,641,0.00013104796409606933
141,1,2.9981374740600587e-05
141,11,3.2139062881469724e-05
141,21,3.374767303466797e-05
141,31,3.605532646179199e-05
141,41,3.7120819091796875e-05
141,51,3.9450407028198245e-05
141,61,4.136085510253906e-05
141,71,4.26025390625e-05
141,81,4.4372320175170896e-05
141,91,4.6406030654907224e-05
141,101,4.802632331848145e-05
141,111,4.989457130432129e-05
141,121,5.1084756851196286e-05
141,131,5.276179313659668e-05
141,141,5.459022521972656e-05
141,151,5.644559860229492e-05
141,161,5.7694435119628906e-05
141,171,6.066608428955078e-05
141,181,6.152629852294922e-05
141,191,6.319808959960938e-05
141,201,6.481170654296874e-05
141,211,6.621599197387696e-05
141,221,6.842184066772462e-05
141,231,6.972098350524902e-05
141,241,7.152032852172852e-05
141,251,7.219839096069336e-05
141,261,7.536673545837402e-05
141,271,7.741165161132812e-05
141,281,7.913088798522949e-05
141,291,7.987523078918457e-05
141,301,8.165955543518066e-05
141,311,8.256340026855469e-05
141,321,8.451342582702637e-05
141,331,8.630108833312989e-05
141,341,8.908319473266601e-05
141,351,8.956027030944824e-05
141,361,9.177923202514648e-05
141,371,9.310483932495117e-05
141,381,9.549236297607422e-05
141,391,9.819149971008301e-05
141,401,9.906172752380371e-05
141,411,0.00010009527206420898
141,421,0.00010146164894104003
141,431,0.00010321855545043945
141,441,0.00010485100746154785
141,451,0.00010718965530395508
141,461,0.00010931015014648438
141,471,0.00011130070686340332
141,481,0.00011330795288085937
141,491,0.00011352682113647461
141,501,0.00011439990997314453
141,511,0.00011616849899291992
141,521,0.00012015891075134277
141,531,0.00011942958831787109
141,541,0.00012196159362792968
141,551,0.00012404727935791016
141,561,0.00012700462341308594
141,571,0.00012880611419677733
141,581,0.00012815380096435546
141,591,0.00013061022758483886
141,601,0.00013306427001953124
141,611,0.00013382697105407716
141,621,0.0001363375186920166
141,631,0.00013620924949645996
141,641,0.0001396017074584961
151,1,3.069472312927246e-05
151,11,3.338432312011719e-05
151,21,3.542613983154297e-05
151,31,3.686237335205078e-05
151,41,3.8622379302978516e-05
151,51,4.060673713684082e-05
151,61,4.29234504699707e-05
151,71,4.425334930419922e-05
151,81,4.594540596008301e-05
151,91,4.842138290405273e-05
151,101,5.002737045288086e-05
151,111,5.1865100860595706e-05
151,121,5.329298973083496e-05
151,131,5.5277347564697264e-05
151,141,5.668973922729492e-05
151,151,5.8785438537597655e-05
151,161,6.132221221923828e-05
151,171,6.25762939453125e-05
151,181,6.42237663269043e-05
151,191,6.661415100097656e-05
151,201,6.805253028869629e-05
151,211,6.95481300354004e-05
151,221,7.133364677429199e-05
151,231,7.341170310974121e-05
151,241,7.506418228149414e-05
151,251,7.664775848388671e-05
151,261,8.00633430480957e-05
151,271,8.124017715454101e-05
151,281,8.342885971069336e-05
151,291,8.470654487609864e-05
151,301,8.685779571533203e-05
151,311,8.958935737609863e-05
151,321,9.009695053100586e-05
151,331,9.202933311462403e-05
151,341,9.264683723449707e-05
151,351,9.479737281799316e-05
151,361,9.74717140197754e-05
151,371,9.769105911254882e-05
151,381,0.00010050225257873535
151,391,0.00010215997695922852
151,401,0.00010430431365966796
151,411,0.0001071617603302002
151,421,0.00010774040222167969
151,431,0.00010855364799499512
151,441,0.00011024093627929688
151,451,0.00011273598670959472
151,461,0.00011457586288452148
151,471,0.00011711359024047851
151,481,0.00011926436424255371
151,491,0.0001199033260345459
151,501,0.0001223011016845703
151,511,0.00012483096122741698
151,521,0.0001268181800842285
151,531,0.00012769699096679688
151,541,0.00012835097312927245
151,551,0.0001299123764038086
151,561,0.00013194608688354493
151,571,0.00013432574272155762
151,581,0.000135894775390625
151,591,0.00013813209533691407
151,601,0.00014014911651611328
151,611,0.00014156198501586915
151,621,0.00014394521713256836
151,631,0.0001449291706085205
151,641,0.00014499521255493164
161,1,3.1738758087158206e-05
161,11,3.4192323684692385e-05
161,21,3.6770105361938475e-05
161,31,3.880739212036133e-05
161,41,4.0393829345703127e-05
161,51,4.27241325378418e-05
161,61,4.410743713378906e-05
161,71,4.660296440124512e-05
161,81,4.8229694366455076e-05
161,91,5.055546760559082e-05
161,101,5.230569839477539e-05
161,111,5.396842956542969e-05
161,121,5.690789222717285e-05
161,131,5.7738542556762696e-05
161,141,5.954790115356445e-05
161,151,6.130218505859375e-05
161,161,6.283307075500488e-05
161,171,6.572699546813964e-05
161,181,6.83913230895996e-05
161,191,6.917643547058105e-05
161,201,7.186222076416015e-05
161,211,7.291316986083984e-05
161,221,7.589912414550781e-05
161,231,7.78648853302002e-05
161,241,7.831811904907227e-05
161,251,7.993459701538086e-05
161,261,8.211088180541993e-05
161,271,8.426785469055176e-05
161,281,8.701825141906738e-05
161,291,8.804655075073242e-05
161,301,9.06367301940918e-05
161,311,9.216117858886719e-05
161,321,9.448456764221192e-05
161,331,9.578251838684082e-05
161,341,9.839081764221191e-05
161,351,9.952092170715332e-05
161,361,0.00010142326354980468
161,371,0.0001032707691192627
161,381,0.00010492801666259766
161,391,0.00010788083076477051
161,401,0.00011316943168640136
161,411,0.00011196494102478028
161,421,0.00011301851272583008
161,431,0.00011504864692687988
161,441,0.00011740303039550781
161,451,0.00011817216873168945
161,461,0.00012125015258789063
161,471,0.00012370729446411132
161,481,0.00012569308280944825
161,491,0.00012593650817871094
161,501,0.00012771177291870118
161,511,0.00013060402870178223
161,521,0.000131389856338501
161,531,0.00013345932960510254
161,541,0.00013512992858886718
161,551,0.0001387317180633545
161,561,0.00014047789573669433
161,571,0.00014215970039367675
161,581,0.00014445352554321288
161,591,0.00014609146118164061
161,601,0.0001475389003753662
161,611,0.00014917731285095216
161,621,0.0001505124568939209
161,631,0.0001528770923614502
161,641,0.00015494823455810546
171,1,3.330087661743164e-05
171,11,3.518962860107422e-05
171,21,3.7456274032592775e-05
171,31,3.96263599395752e-05
171,41,4.188823699951172e-05
171,51,4.422783851623535e-05
171,61,4.590868949890137e-05
171,71,4.7545671463012693e-05
171,81,4.9729585647583005e-05
171,91,5.238246917724609e-05
171,101,5.377197265625e-05
171,111,5.575895309448242e-05
171,121,5.8600425720214846e-05
171,131,6.023359298706055e-05
171,141,6.244111061096191e-05
171,151,6.480908393859863e-05
171,161,6.60855770111084e-05
171,171,7.009482383728028e-05
171,181,7.129430770874023e-05
171,191,7.307791709899903e-05
171,201,7.50131607055664e-05
171,211,7.683777809143067e-05
171,221,8.042526245117187e-05
171,231,8.024859428405761e-05
171,241,8.19551944732666e-05
171,251,8.431553840637207e-05
171,261,8.60888957977295e-05
171,271,8.876919746398926e-05
171,281,9.164929389953613e-05
171,291,9.190106391906739e-05
171,301,9.514617919921875e-05
171,311,9.644412994384766e-05
171,321,9.902095794677735e-05
171,331,0.00010007643699645996
171,341,0.00010251235961914063
171,351,0.00010466742515563965
171,361,0.00010721635818481445
171,371,0.00010900473594665528
171,381,0.00011186504364013673
171,391,0.00011225271224975586
171,401,0.00011568212509155274
171,411,0.00011744976043701172
171,421,0.0001193685531616211
171,431,0.00012037420272827149
171,441,0.000123185396194458
171,451,0.00012534308433532714
171,461,0.0001271815299987793
171,471,0.00013039755821228028
171,481,0.00013169956207275391
171,491,0.0001323368549346924
171,501,0.0001353147029876709
171,511,0.00013722753524780272
171,521,0.00013869905471801757
171,531,0.00014085721969604492
171,541,0.00014242458343505858
171,551,0.00014446640014648438
171,561,0.00014584684371948242
171,571,0.00014786171913146973
171,581,0.00015091156959533693
171,591,0.00015264534950256347
171,601,0.00015442442893981933
171,611,0.0001562783718109131
171,621,0.00015795445442199707
171,631,0.00016075849533081054
171,641,0.00016283679008483886
181,1,3.3844470977783205e-05
181,11,3.682875633239746e-05
181,21,3.946518898010254e-05
181,31,4.17168140411377e-05
181,41,4.338693618774414e-05
181,51,4.5869350433349606e-05
181,61,4.779267311096191e-05
181,71,4.94387149810791e-05
181,81,5.1827430725097655e-05
181,91,5.39398193359375e-05
181,101,5.641007423400879e-05
181,111,5.815935134887695e-05
181,121,6.099414825439453e-05
181,131,6.243705749511719e-05
181,141,6.552910804748535e-05
181,151,6.738352775573731e-05
181,161,6.963849067687988e-05
181,171,7.205510139465332e-05
181,181,7.280540466308594e-05
181,191,7.566595077514648e-05
181,201,7.808899879455566e-05
181,211,8.042812347412109e-05
181,221,8.21230411529541e-05
181,231,8.463740348815918e-05
181,241,8.565425872802734e-05
181,251,8.774328231811523e-05
181,261,9.394216537475586e-05
181,271,9.271717071533203e-05
181,281,9.567666053771973e-05
181,291,9.705305099487305e-05
181,301,9.827065467834473e-05
181,311,0.00010098075866699218
181,321,0.00010279226303100586
181,331,0.00010618829727172852
181,341,0.00010739994049072266
181,351,0.00010995244979858398
181,361,0.00011146903038024903
181,371,0.00011378240585327148
181,381,0.00011658358573913575
181,391,0.00011944365501403809
181,401,0.00011924338340759277
181,411,0.00012250518798828124
181,421,0.0001250464916229248
181,431,0.00012683486938476563
181,441,0.00012885689735412598
181,451,0.0001305992603302002
181,461,0.00013284969329833984
181,471,0.00013524866104125977
181,481,0.00013641762733459473
181,491,0.00013813304901123046
181,501,0.00014374446868896485
181,511,0.00014400792121887208
181,521,0.00014600372314453125
181,531,0.0001473109722137451
181,541,0.0001497523784637451
181,551,0.00015227770805358886
181,561,0.00015404939651489258
181,571,0.00015649771690368652
181,581,0.0001590886116027832
181,591,0.00016162347793579102
181,601,0.00016056990623474122
181,611,0.0001665041446685791
181,621,0.00016806745529174806
181,631,0.00016814088821411134
181,641,0.00017072534561157225
191,1,3.537631034851074e-05
191,11,3.8092851638793944e-05
191,21,4.071259498596191e-05
191,31,4.313373565673828e-05
191,41,4.425573348999024e-05
191,51,4.6812772750854494e-05
191,61,4.9078941345214845e-05
191,71,5.164027214050293e-05
191,81,5.3673744201660155e-05
191,91,5.62283992767334e-05
191,101,5.788969993591308e-05
191,111,6.0422420501708986e-05
191,121,6.278133392333985e-05
191,131,6.512403488159179e-05
191,141,6.821322441101075e-05
191,151,7.005119323730468e-05
191,161,7.116508483886719e-05
191,171,7.486128807067871e-05
191,181,7.628846168518066e-05
191,191,7.886171340942382e-05
191,201,8.156061172485351e-05
191,211,8.387279510498047e-05
191,221,8.61220359802246e-05
191,231,8.838677406311035e-05
191,241,8.944535255432129e-05
191,251,9.107351303100586e-05
191,261,9.567332267761231e-05
191,271,9.725809097290039e-05
191,281,9.88609790802002e-05
191,291,0.00010145139694213867
191,301,0.00010371947288513184
191,311,0.00010743355751037597
191,321,0.00010923361778259277
191,331,0.00011005210876464843
191,341,0.00011136054992675781
191,351,0.00011532354354858398
191,361,0.00011643815040588379
191,371,0.00011884546279907226
191,381,0.00012233948707580567
191,391,0.00012533903121948243
191,401,0.00012440156936645508
191,411,0.00013022565841674805
191,421,0.00013072657585144043
191,431,0.00013571524620056152
191,441,0.00013573980331420897
191,451,0.00013766193389892577
191,461,0.0001407327651977539
191,471,0.0001419837474822998
191,481,0.00014456534385681152
191,491,0.00014454078674316407
191,501,0.00014659404754638672
191,511,0.00015121817588806152
191,521,0.0001531519889831543
191,531,0.00015344119071960448
191,541,0.00015669894218444825
191,551,0.00015902280807495117
191,561,0.00016161727905273436
191,571,0.0001636960506439209
191,581,0.0001649153232574463
191,591,0.0001684439182281494
191,601,0.00017022562026977538
191,611,0.00017312002182006837
191,621,0.00017607760429382325
191,631,0.0001759803295135498
191,641,0.00017984890937805176
201,1,3.61640453338623e-05
201,11,3.893589973449707e-05
201,21,4.1855573654174806e-05
201,31,4.399752616882324e-05
201,41,4.563140869140625e-05
201,51,5.251693725585937e-05
201,61,5.2828073501586914e-05
201,71,5.3523778915405275e-05
201,81,5.5377483367919924e-05
201,91,5.839848518371582e-05
201,101,5.987429618835449e-05
201,111,6.324553489685059e-05
201,121,6.971836090087891e-05
201,131,7.128143310546875e-05
201,141,7.002592086791992e-05
201,151,7.248139381408692e-05
201,161,7.385587692260742e-05
201,171,7.764816284179688e-05
201,181,7.979893684387208e-05
201,191,8.144879341125488e-05
201,201,8.452177047729492e-05
201,211,8.706474304199218e-05
201,221,8.827614784240723e-05
201,231,9.107303619384766e-05
201,241,9.375452995300293e-05
201,251,9.596681594848633e-05
201,261,9.851264953613281e-05
201,271,0.00010060715675354003
201,281,0.00010381412506103516
201,291,0.00010584855079650879
201,301,0.00010736489295959473
201,311,0.00010978841781616211
201,321,0.00011289477348327636
201,331,0.00011465716361999511
201,341,0.00011618304252624512
201,351,0.00011976814270019531
201,361,0.0001220231056213379
201,371,0.0001241459846496582
201,381,0.00012653875350952148
201,391,0.00012787723541259765
201,401,0.00013180828094482423
201,411,0.00013283658027648927
201,421,0.00013530802726745606
201,431,0.00013896894454956056
201,441,0.0001419651508331299
201,451,0.00014273381233215332
201,461,0.00014499545097351074
201,471,0.00014893960952758789
201,481,0.00014939451217651367
201,491,0.00015218782424926758
201,501,0.00015381097793579101
201,511,0.00015792393684387206
201,521,0.0001589992046356201
201,531,0.00016042423248291017
201,541,0.00016487169265747071
201,551,0.00016535234451293946
201,561,0.000167421817779541
201,571,0.00017096233367919921
201,581,0.0001722874641418457
201,591,0.00017490196228027343
201,601,0.00017802596092224122
201,611,0.0001791965961456299
201,621,0.00018231964111328124
201,631,0.00018525123596191406
201,641,0.00018657493591308594
211,1,3.720593452453613e-05
211,11,4.0030479431152345e-05
211,21,4.3134212493896486e-05
211,31,4.563307762145996e-05
211,41,4.810786247253418e-05
211,51,5.026412010192871e-05
211,61,5.3618669509887695e-05
211,71,5.545711517333985e-05
211,81,5.821371078491211e-05
211,91,6.123924255371094e-05
211,101,6.291460990905761e-05
211,111,6.446027755737304e-05
211,121,6.754279136657715e-05
211,131,7.036685943603515e-05
211,141,7.26001262664795e-05
211,151,7.570910453796387e-05
211,161,7.722997665405273e-05
211,171,8.065009117126465e-05
211,181,8.261823654174805e-05
211,191,8.592867851257324e-05
211,201,8.771252632141113e-05
211,211,8.929800987243652e-05
211,221,9.278011322021485e-05
211,231,9.56103801727295e-05
211,241,9.749817848205567e-05
211,251,9.959888458251953e-05
211,261,0.00010136842727661133
211,271,0.00010367321968078613
211,281,0.00010678386688232422
211,291,0.00010990524291992187
211,301,0.00011326098442077636
211,311,0.0001142594814300537
211,321,0.00011665034294128418
211,331,0.0001196434497833252
211,341,0.00012084054946899414
211,351,0.0001232004165649414
211,361,0.00012575244903564452
211,371,0.00012839484214782716
211,381,0.00013207006454467774
211,391,0.00013539624214172364
211,401,0.00013556671142578124
211,411,0.00013925457000732422
211,421,0.0001408681869506836
211,431,0.0001440117359161377
211,441,0.00014599609375
211,451,0.00014831256866455078
211,461,0.0001519770622253418
211,471,0.00015414881706237794
211,481,0.00015612339973449706
211,491,0.00015881013870239257
211,501,0.00016170978546142578
211,511,0.0001633608341217041
211,521,0.0001659243106842041
211,531,0.0001692683696746826
211,541,0.00017011594772338868
211,551,0.00017308640480041503
211,561,0.00017567086219787598
211,571,0.0001780703067779541
211,581,0.00017896771430969238
211,591,0.00018144416809082032
211,601,0.000185457706451416
211,611,0.0001869649887084961
211,621,0.00019036102294921875
211,631,0.00019397807121276854
211,641,0.00019501304626464843
221,1,3.79786491394043e-05
221,11,4.075741767883301e-05
221,21,4.41596508026123e-05
221,31,4.728889465332031e-05
221,41,4.86445426940918e-05
221,51,5.2120208740234376e-05
221,61,5.4170846939086915e-05
221,71,5.672335624694824e-05
221,81,5.977559089660645e-05
221,91,6.300783157348633e-05
221,101,6.494998931884766e-05
221,111,6.708955764770508e-05
221,121,6.946873664855957e-05
221,131,7.219219207763672e-05
221,141,7.482600212097168e-05
221,151,7.728719711303711e-05
221,161,8.042216300964355e-05
221,171,8.432173728942871e-05
221,181,8.589935302734375e-05
221,191,8.80589485168457e-05
221,201,9.024333953857421e-05
221,211,9.375977516174317e-05
221,221,9.588289260864257e-05
221,231,9.932231903076172e-05
221,241,0.0001006162166595459
221,251,0.00010342860221862792
221,261,0.00010689926147460937
221,271,0.00010838603973388672
221,281,0.00011226010322570801
221,291,0.00011449289321899414
221,301,0.00011670637130737305
221,311,0.00011912083625793457
221,321,0.0001214132308959961
221,331,0.00012537360191345215
221,341,0.0001266622543334961
221,351,0.00012808728218078612
221,361,0.00013207149505615234
221,371,0.00013363194465637208
221,381,0.00013650703430175782
221,391,0.00013988447189331054
221,401,0.00014167022705078124
221,411,0.000145139217376709
221,421,0.00014754819869995116
221,431,0.0001494441032409668
221,441,0.00015063405036926268
221,451,0.00015569162368774415
221,461,0.00015791702270507812
221,471,0.00016001486778259276
221,481,0.00016207122802734374
221,491,0.00016400527954101563
221,501,0.00016783523559570312
221,511,0.00016890263557434081
221,521,0.00017325568199157715
221,531,0.00017597031593322753
221,541,0.0001782698631286621
221,551,0.00018020462989807128
221,561,0.00018254661560058593
221,571,0.00018636107444763183
221,581,0.00018740367889404297
221,591,0.00018959951400756837
221,601,0.0001922578811645508
221,611,0.00019448590278625487
221,621,0.00019844436645507813
221,631,0.0001989905834197998
221,641,0.00020259356498718262
231,1,3.9544343948364255e-05
231,11,4.255867004394531e-05
231,21,4.5030593872070316e-05
231,31,4.734635353088379e-05
231,41,5.0117015838623044e-05
231,51,5.31761646270752e-05
231,61,5.6367874145507814e-05
231,71,5.876445770263672e-05
231,81,6.168723106384278e-05
231,91,6.479191780090332e-05
231,101,6.637310981750489e-05
231,111,6.882882118225098e-05
231,121,7.174873352050781e-05
231,131,7.486724853515625e-05
231,141,7.790613174438477e-05
231,151,7.973742485046386e-05
231,161,8.298468589782715e-05
231,171,8.67910385131836e-05
231,181,8.817768096923828e-05
231,191,9.131169319152831e-05
231,201,9.38882827758789e-05
231,211,9.692597389221191e-05
231,221,0.00010023713111877442
231,231,0.00010155916213989258
231,241,0.0001045529842376709
231,251,0.00010627222061157227
231,261,0.00011045289039611817
231,271,0.00011246633529663086
231,281,0.00011588025093078613
231,291,0.00011733794212341309
231,301,0.00011960792541503907
231,311,0.000124192476272583
231,321,0.00012475180625915526
231,331,0.00012862682342529297
231,341,0.00013029909133911133
231,351,0.0001341419219970703
231,361,0.00013597893714904785
231,371,0.00013967156410217286
231,381,0.00014289069175720215
231,391,0.00014399170875549318
231,401,0.0001472301483154297
231,411,0.00015021538734436035
231,421,0.00015316987037658692
231,431,0.00015548181533813477
231,441,0.00015786051750183106
231,451,0.0001596531867980957
231,461,0.0001633617877960205
231,471,0.0001662302017211914
231,481,0.00016794633865356445
231,491,0.00016984128952026367
231,501,0.00017527318000793457
231,511,0.00017643094062805176
231,521,0.00017951321601867676
231,531,0.0001802687644958496
231,541,0.00018436455726623534
231,551,0.00018622851371765138
231,561,0.00019065284729003905
231,571,0.0001939232349395752
231,581,0.0001945641040802002
231,591,0.00019782543182373047
231,601,0.0002017836570739746
231,611,0.00020033454895019531
231,621,0.0002050788402557373
231,631,0.00020747709274291992
231,641,0.00021027374267578125
241,1,4.0376663208007813e-05
241,11,4.331159591674805e-05
241,21,4.605293273925781e-05
241,31,4.956960678100586e-05
241,41,5.1732540130615234e-05
241,51,5.4236412048339846e-05
241,61,5.7952404022216795e-05
241,71,5.958747863769531e-05
241,81,6.37969970703125e-05
241,91,6.684160232543945e-05
241,101,6.828713417053222e-05
241,111,7.16104507446289e-05
241,121,7.440543174743653e-05
241,131,7.726955413818359e-05
241,141,8.024406433105468e-05
241,151,8.34815502166748e-05
241,161,8.610367774963378e-05
241,171,8.928990364074707e-05
241,181,9.1278076171875e-05
241,191,9.274625778198242e-05
241,201,9.631490707397461e-05
241,211,9.952592849731445e-05
241,221,0.00010340476036071778
241,231,0.00010666418075561524
241,241,0.00010804414749145508
241,251,0.00010974669456481933
241,261,0.00011403155326843262
241,271,0.00011625814437866211
241,281,0.00011964583396911622
241,291,0.00012104606628417969
241,301,0.00012540984153747557
241,311,0.00012849879264831542
241,321,0.00013076424598693848
241,331,0.0001337568759918213
241,341,0.00013540267944335937
241,351,0.000138962984085083
241,361,0.00014179706573486328
241,371,0.0001432008743286133
241,381,0.00014702749252319336
241,391,0.00014892029762268065
241,401,0.00015210390090942383
241,411,0.00015583419799804687
241,421,0.00015814208984375
241,431,0.0001632087230682373
241,441,0.0001638460159301758
241,451,0.000165938138961792
241,461,0.00016953706741333009
241,471,0.00017249131202697754
241,481,0.00017606496810913087
241,491,0.000176987886428833
241,501,0.00018137311935424806
241,511,0.0001833982467651367
241,521,0.00018744754791259765
241,531,0.00018924498558044433
241,541,0.00019119668006896973
241,551,0.00019367265701293945
241,561,0.0001966097354888916
241,571,0.00020007395744323732
241,581,0.00020388317108154297
241,591,0.0002046215534210205
241,601,0.00020629358291625977
241,611,0.00021152186393737793
241,621,0.00021366167068481446
241,631,0.00021712231636047364
241,641,0.00021849727630615233
251,1,4.1049480438232423e-05
251,11,4.462051391601562e-05
251,21,4.7627449035644534e-05
251,31,5.0630569458007816e-05
251,41,5.316519737243653e-05
251,51,5.613064765930176e-05
251,61,5.955028533935547e-05
251,71,6.228184700012207e-05
251,81,6.580948829650878e-05
251,91,6.813979148864746e-05
251,101,7.069158554077149e-05
251,111,7.450056076049805e-05
251,121,7.747554779052735e-05
251,131,7.959580421447754e-05
251,141,8.340668678283692e-05
251,151,8.522510528564453e-05
251,161,8.728933334350586e-05
251,171,9.340763092041015e-05
251,181,9.434032440185547e-05
251,191,9.709906578063964e-05
251,201,9.975481033325195e-05
251,211,0.00010285186767578125
251,221,0.00010609483718872071
251,231,0.0001095125675201416
251,241,0.00011229419708251953
251,251,0.00011477518081665039
251,261,0.00011669397354125976
251,271,0.00012076234817504883
251,281,0.0001230168342590332
251,291,0.00012564778327941894
251,301,0.0001294229030609131
251,311,0.00013190293312072754
251,321,0.0001346735954284668
251,331,0.00013805937767028808
251,341,0.000139329195022583
251,351,0.00014375042915344238
251,361,0.00014625859260559081
251,371,0.00014902639389038086
251,381,0.00015154361724853516
251,391,0.00015513157844543457
251,401,0.0001577324867248535
251,411,0.0001623377799987793
251,421,0.0001642735004425049
251,431,0.00016554927825927735
251,441,0.0001712310314178467
251,451,0.00017287302017211914
251,461,0.00017591047286987305
251,471,0.0001794743537902832
251,481,0.00018029403686523437
251,491,0.0001844782829284668
251,501,0.00018547630310058593
251,511,0.00018972444534301756
251,521,0.0001923820972442627
251,531,0.00019553208351135253
251,541,0.00019837188720703126
251,551,0.00020107316970825195
251,561,0.00020315003395080566
251,571,0.00020902490615844728
251,581,0.0002098877429962158
251,591,0.00021223044395446777
251,601,0.0002172234058380127
251,611,0.00021830058097839356
251,621,0.0002208101749420166
251,631,0.0002241969108581543
251,641,0.00022697091102600098
261,1,4.30450439453125e-05
261,11,4.660964012145996e-05
261,21,4.9465656280517576e-05
261,31,5.231928825378418e-05
261,41,5.5673837661743165e-05
261,51,5.8551788330078126e-05
261,61,6.272363662719726e-05
261,71,6.441044807434082e-05
261,81,6.798839569091797e-05
261,91,7.096529006958007e-05
261,101,7.432174682617188e-05
261,111,7.79106616973877e-05
261,121,8.13589096069336e-05
261,131,8.30073356628418e-05
261,141,8.714461326599122e-05
261,151,8.956456184387207e-05
261,161,9.356284141540527e-05
261,171,9.723949432373046e-05
261,181,9.938669204711914e-05
261,191,0.00010273885726928711
261,201,0.00010593223571777344
261,211,0.00010816025733947753
261,221,0.00011206245422363281
261,231,0.00011617541313171386
261,241,0.00011782550811767579
261,251,0.00012130784988403321
261,261,0.00012501811981201173
261,271,0.0001272282600402832
261,281,0.00013075113296508788
261,291,0.00013379907608032226
261,301,0.00014039063453674317
261,311,0.00014025163650512696
261,321,0.00014308929443359374
261,331,0.00014690852165222167
261,341,0.0001501312255859375
261,351,0.0001517317295074463
261,361,0.00015673351287841798
261,371,0.00015886521339416503
261,381,0.0001623673439025879
261,391,0.00016420912742614747
261,401,0.00016786599159240723
261,411,0.0001714010238647461
261,421,0.0001752185821533203
261,431,0.00017855143547058105
261,441,0.0001795644760131836
261,451,0.00018308544158935548
261,461,0.00018763399124145508
261,471,0.0001908388137817383
261,481,0.00019404959678649903
261,491,0.00019578194618225097
261,501,0.0001969292163848877
261,511,0.0002009875774383545
261,521,0.0002088460922241211
261,531,0.00020746493339538575
261,541,0.00021295428276062013
261,551,0.00021471524238586426
261,561,0.0002181403636932373
261,571,0.00022060728073120117
261,581,0.00022353410720825197
261,591,0.00022762560844421387
261,601,0.00023019671440124511
261,611,0.00023311352729797364
261,621,0.0002374269962310791
261,631,0.00023860955238342286
261,641,0.00024472737312316895
271,1,4.412508010864258e-05
271,11,4.7006845474243164e-05
271,21,5.067300796508789e-05
271,31,5.397844314575195e-05
271,41,5.666732788085938e-05
271,51,5.9860706329345706e-05
271,61,6.362485885620118e-05
271,71,6.694865226745605e-05
271,81,7.091856002807617e-05
271,91,7.35926628112793e-05
271,101,7.62636661529541e-05
271,111,8.045530319213867e-05
271,121,8.303380012512207e-05
271,131,8.505058288574219e-05
271,141,8.923125267028808e-05
271,151,9.266996383666992e-05
271,161,9.597444534301758e-05
271,171,9.936881065368653e-05
271,181,0.00010219478607177735
271,191,0.00010560536384582519
271,201,0.00010833454132080078
271,211,0.00011259126663208008
271,221,0.00011573362350463868
271,231,0.00011895346641540528
271,241,0.00012262463569641114
271,251,0.00012439489364624023
271,261,0.0001272852420806885
271,271,0.00013198232650756835
271,281,0.0001351771354675293
271,291,0.00013782548904418945
271,301,0.00014077377319335937
271,311,0.0001431889533996582
271,321,0.0001475794315338135
271,331,0.00015169978141784667
271,341,0.00015463089942932128
271,351,0.00016042184829711913
271,361,0.00015984559059143067
271,371,0.00016326642036437988
271,381,0.00016695213317871095
271,391,0.00016918039321899415
271,401,0.00017368173599243165
271,411,0.00017775106430053712
271,421,0.00017889952659606934
271,431,0.0001826324462890625
271,441,0.00018648934364318847
271,451,0.00019004750251770019
271,461,0.00019472575187683106
271,471,0.0001976785659790039
271,481,0.00020042204856872558
271,491,0.0002009868621826172
271,501,0.0002061176300048828
271,511,0.00021226787567138673
271,521,0.00021341943740844726
271,531,0.00021478962898254395
271,541,0.00021863412857055665
271,551,0.0002220468521118164
271,561,0.00022550487518310547
271,571,0.00022965431213378906
271,581,0.00023157572746276855
271,591,0.00023300886154174803
271,601,0.00023802423477172852
271,611,0.00024184823036193847
271,621,0.0002439882755279541
271,631,0.0002457995414733887
271,641,0.00024965596199035645
281,1,4.499387741088867e-05
281,11,4.7658443450927736e-05
281,21,5.1726579666137694e-05
281,31,5.581545829772949e-05
281,41,5.84721565246582e-05
281,51,6.17516040802002e-05
281,61,6.516766548156739e-05
281,71,6.989669799804688e-05
281,81,7.183241844177246e-05
281,91,7.582759857177734e-05
281,101,7.87193775177002e-05
281,111,8.189797401428223e-05
281,121,8.559560775756836e-05
281,131,8.900237083435059e-05
281,141,9.236979484558106e-05
281,151,9.526276588439941e-05
281,161,9.830975532531738e-05
281,171,0.00010278797149658204
281,181,0.00010589075088500976
281,191,0.00010824179649353028
281,201,0.00011277413368225098
281,211,0.00011590242385864258
281,221,0.00011821842193603515
281,231,0.00012366652488708497
281,241,0.00012610292434692383
281,251,0.00013282561302185058
281,261,0.00013191580772399901
281,271,0.0001355433464050293
281,281,0.0001386861801147461
281,291,0.00014126443862915038
281,301,0.0001461026668548584
281,311,0.00014806246757507324
281,321,0.00015137290954589844
281,331,0.0001558382511138916
281,341,0.0001579751968383789
281,351,0.00016206455230712892
281,361,0.00016484761238098146
281,371,0.00016733837127685548
281,381,0.00017183208465576172
281,391,0.0001759521961212158
281,401,0.0001781783103942871
281,411,0.0001826751232147217
281,421,0.00018622088432312012
281,431,0.00018850469589233397
281,441,0.0001920444965362549
281,451,0.00019724082946777344
281,461,0.00019990420341491698
281,471,0.0002039940357208252
281,481,0.00020613551139831544
281,491,0.00020902490615844728
281,501,0.0002112278938293457
281,511,0.00021479010581970214
281,521,0.00021872520446777343
281,531,0.0002204093933105469
281,541,0.0002240164279937744
281,551,0.00022858548164367675
281,561,0.00023125267028808593
281,571,0.00023427581787109376
281,581,0.0002367081642150879
281,591,0.00024056315422058106
281,601,0.0002454845905303955
281,611,0.00024857521057128904
281,621,0.0002525036334991455
281,631,0.00025538945198059083
281,641,0.00025824522972106936
291,1,4.55474853515625e-05
291,11,4.850125312805176e-05
291,21,5.20932674407959e-05
291,31,5.613064765930176e-05
291,41,5.934238433837891e-05
291,51,6.319284439086914e-05
291,61,6.678652763366699e-05
291,71,7.041573524475098e-05
291,81,7.374382019042968e-05
291,91,7.773590087890625e-05
291,101,8.042693138122558e-05
291,111,8.344841003417968e-05
291,121,8.83638858795166e-05
291,131,9.033823013305664e-05
291,141,9.410929679870606e-05
291,151,9.822893142700196e-05
291,161,0.00010144543647766113
291,171,0.0001064150333404541
291,181,0.0001094048023223877
291,191,0.00011196064949035644
291,201,0.0001148378849029541
291,211,0.00011901640892028808
291,221,0.00012306690216064452
291,231,0.00012741422653198242
291,241,0.00012941431999206543
291,251,0.00013311767578125
291,261,0.00013611388206481934
291,271,0.00013920092582702637
291,281,0.00014368414878845214
291,291,0.00014546918869018556
291,301,0.00015102934837341308
291,311,0.00015345263481140136
291,321,0.00015706396102905273
291,331,0.00016087484359741212
291,341,0.00016429924964904785
291,351,0.0001663053035736084
291,361,0.0001705636978149414
291,371,0.0001756408214569092
291,381,0.00017927837371826171
291,391,0.00018144464492797851
291,401,0.00018406200408935546
291,411,0.00019206285476684572
291,421,0.0001911289691925049
291,431,0.00019547224044799805
291,441,0.0001976604461669922
291,451,0.00020256805419921874
291,461,0.00020626306533813476
291,471,0.00020932865142822267
291,481,0.00021111345291137696
291,491,0.00021550679206848143
291,501,0.00022240447998046875
291,511,0.00022457194328308106
291,521,0.00022712755203247072
291,531,0.00023066234588623046
291,541,0.0002321755886077881
291,551,0.00023568320274353028
291,561,0.00023914027214050294
291,571,0.0002430598735809326
291,581,0.0002462921142578125
291,591,0.00024944376945495604
291,601,0.00025192737579345705
291,611,0.00025504922866821287
291,621,0.00025869441032409665
291,631,0.0002651340961456299
291,641,0.00026419925689697267
301,1,4.657649993896484e-05
301,11,5.065488815307617e-05
301,21,5.4834842681884766e-05
301,31,5.796074867248535e-05
301,41,6.142568588256835e-05
301,51,6.444334983825684e-05
301,61,6.93674087524414e-05
301,71,7.154273986816406e-05
301,81,7.599425315856933e-05
301,91,7.956147193908691e-05
301,101,8.202600479125976e-05
301,111,8.613300323486327e-05
301,121,8.962440490722656e-05
301,131,9.30171012878418e-05
301,141,9.913444519042969e-05
301,151,0.00010118746757507324
301,161,0.0001038978099822998
301,171,0.00010942792892456054
301,181,0.00011207032203674317
301,191,0.00011441469192504882
301,201,0.00011780452728271484
301,211,0.00012233233451843263
301,221,0.00012608551979064942
301,231,0.00012970924377441405
301,241,0.00013321375846862794
301,251,0.00013631582260131836
301,261,0.00013838505744934081
301,271,0.0001435098648071289
301,281,0.0001481165885925293
301,291,0.00015068888664245605
301,301,0.00015614843368530273
301,311,0.000158095121383667
301,321,0.0001620910167694092
301,331,0.0001645495891571045
301,341,0.0001696922779083252
301,351,0.00017218804359436034
301,361,0.0001756141185760498
301,371,0.00017834830284118653
301,381,0.00018178772926330565
301,391,0.00018634080886840822
301,401,0.0001881990432739258
301,411,0.00019449067115783692
301,421,0.0001971406936645508
301,431,0.0001997838020324707
301,441,0.00020279788970947266
301,451,0.00020650506019592285
301,461,0.00021091723442077636
301,471,0.00021489191055297852
301,481,0.00022014641761779785
301,491,0.00022118711471557617
301,501,0.00022454714775085448
301,511,0.00022860479354858398
301,521,0.00023137569427490235
301,531,0.00023410391807556153
301,541,0.00023845815658569337
301,551,0.00024384164810180664
301,561,0.0002449827194213867
301,571,0.0002500169277191162
301,581,0.00025243258476257324
301,591,0.0002557520866394043
301,601,0.0002604365348815918
301,611,0.0002617759704589844
301,621,0.0002694671154022217
301,631,0.00027225542068481446
301,641,0.00027376556396484377
311,1,4.77757453918457e-05
311,11,5.154919624328613e-05
311,21,5.6151628494262694e-05
311,31,5.95552921295166e-05
311,41,6.296277046203613e-05
311,51,6.72156810760498e-05
311,61,7.078051567077637e-05
311,71,7.32886791229248e-05
311,81,7.731032371520996e-05
311,91,8.443498611450196e-05
311,101,8.496594429016113e-05
311,111,8.826088905334472e-05
311,121,9.202742576599121e-05
311,131,9.560632705688477e-05
311,141,0.00010449051856994629
311,151,0.00010473084449768067
311,161,0.00010701322555541992
311,171,0.000112534761428833
311,181,0.00011419320106506348
311,191,0.00011865043640136719
311,201,0.00012091398239135742
311,211,0.00012521553039550781
311,221,0.0001295340061187744
311,231,0.0001333918571472168
311,241,0.00013678765296936036
311,251,0.00013912034034729005
311,261,0.00014395403861999513
311,271,0.0001475212574005127
311,281,0.00015219974517822265
311,291,0.00015547990798950195
311,301,0.00015798830986022948
311,311,0.0001624293327331543
311,321,0.00016643142700195312
311,331,0.00016858649253845214
311,341,0.00019498038291931153
311,351,0.00020519232749938965
311,361,0.00018074297904968262
311,371,0.00018402194976806642
311,381,0.00019028663635253906
311,391,0.00024072074890136718
311,401,0.00019551610946655273
311,411,0.00019802474975585938
311,421,0.00020062541961669923
311,431,0.00020460247993469237
311,441,0.00020825982093811035
311,451,0.000211395263671875
311,461,0.00021773719787597656
311,471,0.0002204124927520752
311,481,0.00022271013259887696
311,491,0.00022553086280822755
311,501,0.00023096942901611327
311,511,0.00023720073699951173
311,521,0.0002412538528442383
311,531,0.00024449872970581054
311,541,0.0002468843460083008
311,551,0.00024906301498413085
311,561,0.0002550396919250488
311,571,0.00025818562507629397
311,581,0.00026180744171142576
311,591,0.000265927791595459
311,601,0.0002731883525848389
311,611,0.00027063798904418943
311,621,0.0002742185592651367
311,631,0.00027964210510253906
311,641,0.0002821009159088135
321,1,4.84926700592041e-05
321,11,5.2146434783935544e-05
321,21,5.7387828826904296e-05
321,31,6.112408638000488e-05
321,41,6.442999839782714e-05
321,51,6.763434410095214e-05
321,61,7.183146476745606e-05
321,71,7.541656494140625e-05
321,81,8.0031156539917e-05
321,91,8.318114280700684e-05
321,101,8.695650100708007e-05
321,111,9.092068672180176e-05
321,121,9.576034545898438e-05
321,131,9.803724288940429e-05
321,141,0.00010309600830078125
321,151,0.00010709047317504883
321,161,0.00011046814918518066
321,171,0.00011504960060119629
321,181,0.00011775732040405274
321,191,0.00012143778800964355
321,201,0.0001262235641479492
321,211,0.0001299765110015869
321,221,0.00013320231437683106
321,231,0.0001416933536529541
321,241,0.0001413853168487549
321,251,0.000145066499710083
321,261,0.0001486220359802246
321,271,0.00015194177627563476
321,281,0.0001565268039703369
321,291,0.00015847373008728028
321,301,0.00016368937492370605
321,311,0.0001670224666595459
321,321,0.00016952085494995118
321,331,0.0001749577522277832
321,341,0.0001771564483642578
321,351,0.0001814286708831787
321,361,0.00018452644348144532
321,371,0.00019009232521057128
321,381,0.00019292068481445313
321,391,0.00019689583778381348
321,401,0.00020066499710083007
321,411,0.0002074449062347412
321,421,0.0002098259925842285
321,431,0.00021270275115966797
321,441,0.0002163846492767334
321,451,0.0002211878299713135
321,461,0.000225311279296875
321,471,0.00022912240028381348
321,481,0.0002322108745574951
321,491,0.0002345271110534668
321,501,0.00023975872993469238
321,511,0.00024293947219848633
321,521,0.00024954557418823244
321,531,0.00024939203262329103
321,541,0.0002525448799133301
321,551,0.0002568502426147461
321,561,0.0002612626552581787
321,571,0.0002650773525238037
321,581,0.00026654934883117677
321,591,0.000275113582611084
321,601,0.00027663969993591307
321,611,0.00027855610847473143
321,621,0.00028434443473815917
321,631,0.0002879097461700439
321,641,0.00029197168350219725
